-0.072851,0.013374,0.127892,-0.079665
0.001868,0.147085,-0.014316,0.022755
-0.128576,-0.005440,-0.072672,0.579913
0.000000,0.000000,0.000000,1.000000

-0.074023,0.013375,0.127217,-0.080281
0.001894,0.147080,-0.014362,0.022783
-0.127904,-0.005563,-0.073838,0.580621
0.000000,0.000000,0.000000,1.000000

-0.075188,0.013376,0.126532,-0.080891
0.001920,0.147076,-0.014407,0.022812
-0.127222,-0.005685,-0.074997,0.581289
0.000000,0.000000,0.000000,1.000000

-0.076347,0.013376,0.125836,-0.081493
0.001946,0.147071,-0.014452,0.022840
-0.126530,-0.005809,-0.076151,0.581917
0.000000,0.000000,0.000000,1.000000

-0.077500,0.013374,0.125130,-0.082089
0.001972,0.147066,-0.014497,0.022868
-0.125827,-0.005932,-0.077298,0.582505
0.000000,0.000000,0.000000,1.000000

-0.078646,0.013371,0.124413,-0.082678
0.001998,0.147061,-0.014542,0.022897
-0.125113,-0.006056,-0.078438,0.583054
0.000000,0.000000,0.000000,1.000000

-0.079786,0.013368,0.123685,-0.083260
0.002024,0.147056,-0.014588,0.022925
-0.124389,-0.006181,-0.079572,0.583563
0.000000,0.000000,0.000000,1.000000

-0.080919,0.013363,0.122947,-0.083836
0.002051,0.147052,-0.014633,0.022954
-0.123654,-0.006306,-0.080699,0.584032
0.000000,0.000000,0.000000,1.000000

-0.082045,0.013357,0.122199,-0.084404
0.002077,0.147047,-0.014678,0.022982
-0.122909,-0.006431,-0.081819,0.584461
0.000000,0.000000,0.000000,1.000000

-0.083165,0.013349,0.121441,-0.084965
0.002104,0.147042,-0.014723,0.023011
-0.122154,-0.006556,-0.082933,0.584852
0.000000,0.000000,0.000000,1.000000

-0.084278,0.013341,0.120672,-0.085519
0.002130,0.147037,-0.014768,0.023040
-0.121388,-0.006682,-0.084040,0.585204
0.000000,0.000000,0.000000,1.000000

-0.085384,0.013332,0.119893,-0.086067
0.002157,0.147032,-0.014813,0.023068
-0.120613,-0.006808,-0.085140,0.585518
0.000000,0.000000,0.000000,1.000000

-0.086483,0.013321,0.119104,-0.086607
0.002184,0.147027,-0.014859,0.023097
-0.119827,-0.006935,-0.086232,0.585793
0.000000,0.000000,0.000000,1.000000

-0.087575,0.013310,0.118305,-0.087139
0.002211,0.147022,-0.014904,0.023126
-0.119030,-0.007061,-0.087318,0.586031
0.000000,0.000000,0.000000,1.000000

-0.088660,0.013297,0.117495,-0.087665
0.002238,0.147017,-0.014949,0.023155
-0.118224,-0.007189,-0.088396,0.586232
0.000000,0.000000,0.000000,1.000000

-0.089737,0.013283,0.116676,-0.088183
0.002265,0.147012,-0.014994,0.023184
-0.117408,-0.007316,-0.089467,0.586396
0.000000,0.000000,0.000000,1.000000

-0.090808,0.013268,0.115846,-0.088695
0.002293,0.147007,-0.015040,0.023214
-0.116581,-0.007444,-0.090531,0.586523
0.000000,0.000000,0.000000,1.000000

-0.091871,0.013252,0.115007,-0.089198
0.002320,0.147002,-0.015085,0.023243
-0.115745,-0.007571,-0.091588,0.586615
0.000000,0.000000,0.000000,1.000000

-0.092926,0.013235,0.114158,-0.089695
0.002348,0.146997,-0.015130,0.023273
-0.114899,-0.007700,-0.092637,0.586672
0.000000,0.000000,0.000000,1.000000

-0.093974,0.013216,0.113299,-0.090184
0.002376,0.146992,-0.015176,0.023302
-0.114042,-0.007828,-0.093678,0.586694
0.000000,0.000000,0.000000,1.000000

-0.095015,0.013197,0.112430,-0.090666
0.002404,0.146987,-0.015221,0.023332
-0.113176,-0.007957,-0.094712,0.586682
0.000000,0.000000,0.000000,1.000000

-0.096048,0.013176,0.111551,-0.091140
0.002433,0.146981,-0.015267,0.023362
-0.112300,-0.008085,-0.095738,0.586637
0.000000,0.000000,0.000000,1.000000

-0.097073,0.013154,0.110663,-0.091607
0.002461,0.146976,-0.015312,0.023392
-0.111414,-0.008214,-0.096757,0.586559
0.000000,0.000000,0.000000,1.000000

-0.098091,0.013132,0.109764,-0.092066
0.002490,0.146971,-0.015358,0.023422
-0.110519,-0.008344,-0.097767,0.586449
0.000000,0.000000,0.000000,1.000000

-0.099101,0.013108,0.108856,-0.092518
0.002519,0.146966,-0.015403,0.023453
-0.109614,-0.008473,-0.098770,0.586308
0.000000,0.000000,0.000000,1.000000

-0.100103,0.013083,0.107939,-0.092962
0.002548,0.146960,-0.015449,0.023483
-0.108699,-0.008603,-0.099765,0.586137
0.000000,0.000000,0.000000,1.000000

-0.101097,0.013056,0.107011,-0.093398
0.002578,0.146955,-0.015495,0.023514
-0.107774,-0.008733,-0.100752,0.585936
0.000000,0.000000,0.000000,1.000000

-0.102083,0.013029,0.106074,-0.093827
0.002607,0.146950,-0.015540,0.023545
-0.106839,-0.008863,-0.101731,0.585705
0.000000,0.000000,0.000000,1.000000

-0.103062,0.013001,0.105127,-0.094248
0.002637,0.146944,-0.015586,0.023576
-0.105895,-0.008993,-0.102702,0.585447
0.000000,0.000000,0.000000,1.000000

-0.104032,0.012971,0.104171,-0.094662
0.002668,0.146939,-0.015632,0.023607
-0.104942,-0.009123,-0.103665,0.585161
0.000000,0.000000,0.000000,1.000000

-0.104994,0.012940,0.103205,-0.095068
0.002698,0.146933,-0.015678,0.023639
-0.103978,-0.009254,-0.104620,0.584848
0.000000,0.000000,0.000000,1.000000

-0.105948,0.012909,0.102229,-0.095466
0.002729,0.146928,-0.015724,0.023670
-0.103005,-0.009384,-0.105567,0.584509
0.000000,0.000000,0.000000,1.000000

-0.106894,0.012876,0.101244,-0.095856
0.002760,0.146922,-0.015770,0.023702
-0.102022,-0.009515,-0.106505,0.584146
0.000000,0.000000,0.000000,1.000000

-0.107831,0.012842,0.100250,-0.096238
0.002792,0.146917,-0.015816,0.023735
-0.101030,-0.009646,-0.107435,0.583758
0.000000,0.000000,0.000000,1.000000

-0.108760,0.012806,0.099245,-0.096613
0.002824,0.146911,-0.015862,0.023767
-0.100028,-0.009777,-0.108357,0.583346
0.000000,0.000000,0.000000,1.000000

-0.109681,0.012770,0.098232,-0.096979
0.002856,0.146906,-0.015909,0.023800
-0.099017,-0.009908,-0.109270,0.582913
0.000000,0.000000,0.000000,1.000000

-0.110594,0.012732,0.097208,-0.097338
0.002889,0.146900,-0.015955,0.023833
-0.097996,-0.010039,-0.110175,0.582457
0.000000,0.000000,0.000000,1.000000

-0.111498,0.012694,0.096175,-0.097689
0.002922,0.146894,-0.016001,0.023866
-0.096965,-0.010170,-0.111071,0.581980
0.000000,0.000000,0.000000,1.000000

-0.112393,0.012654,0.095132,-0.098031
0.002955,0.146889,-0.016047,0.023899
-0.095925,-0.010302,-0.111959,0.581484
0.000000,0.000000,0.000000,1.000000

-0.113280,0.012613,0.094080,-0.098366
0.002989,0.146883,-0.016094,0.023933
-0.094875,-0.010433,-0.112838,0.580968
0.000000,0.000000,0.000000,1.000000

-0.114158,0.012571,0.093018,-0.098693
0.003023,0.146877,-0.016140,0.023967
-0.093815,-0.010565,-0.113709,0.580434
0.000000,0.000000,0.000000,1.000000

-0.115028,0.012528,0.091947,-0.099011
0.003057,0.146871,-0.016186,0.024001
-0.092746,-0.010696,-0.114570,0.579882
0.000000,0.000000,0.000000,1.000000

-0.115888,0.012483,0.090866,-0.099321
0.003092,0.146865,-0.016233,0.024035
-0.091667,-0.010827,-0.115423,0.579314
0.000000,0.000000,0.000000,1.000000

-0.116740,0.012438,0.089775,-0.099623
0.003128,0.146859,-0.016279,0.024070
-0.090579,-0.010959,-0.116267,0.578730
0.000000,0.000000,0.000000,1.000000

-0.117583,0.012391,0.088675,-0.099917
0.003164,0.146854,-0.016326,0.024105
-0.089480,-0.011091,-0.117101,0.578131
0.000000,0.000000,0.000000,1.000000

-0.118417,0.012343,0.087565,-0.100202
0.003200,0.146848,-0.016372,0.024141
-0.088373,-0.011222,-0.117927,0.577518
0.000000,0.000000,0.000000,1.000000

-0.119242,0.012294,0.086445,-0.100479
0.003237,0.146842,-0.016419,0.024177
-0.087255,-0.011354,-0.118744,0.576891
0.000000,0.000000,0.000000,1.000000

-0.120057,0.012244,0.085316,-0.100747
0.003274,0.146836,-0.016465,0.024213
-0.086128,-0.011485,-0.119552,0.576252
0.000000,0.000000,0.000000,1.000000

-0.120864,0.012192,0.084177,-0.101007
0.003312,0.146829,-0.016512,0.024249
-0.084991,-0.011617,-0.120350,0.575601
0.000000,0.000000,0.000000,1.000000

-0.121661,0.012140,0.083028,-0.101259
0.003350,0.146823,-0.016558,0.024286
-0.083844,-0.011748,-0.121139,0.574939
0.000000,0.000000,0.000000,1.000000

-0.122449,0.012086,0.081869,-0.101502
0.003389,0.146817,-0.016604,0.024323
-0.082687,-0.011880,-0.121919,0.574268
0.000000,0.000000,0.000000,1.000000

-0.123228,0.012031,0.080701,-0.101736
0.003429,0.146811,-0.016651,0.024361
-0.081521,-0.012011,-0.122689,0.573587
0.000000,0.000000,0.000000,1.000000

-0.123997,0.011975,0.079523,-0.101961
0.003469,0.146805,-0.016697,0.024399
-0.080344,-0.012142,-0.123450,0.572898
0.000000,0.000000,0.000000,1.000000

-0.124756,0.011917,0.078335,-0.102178
0.003509,0.146799,-0.016744,0.024437
-0.079158,-0.012274,-0.124201,0.572201
0.000000,0.000000,0.000000,1.000000

-0.125506,0.011858,0.077137,-0.102386
0.003551,0.146792,-0.016790,0.024475
-0.077962,-0.012405,-0.124942,0.571497
0.000000,0.000000,0.000000,1.000000

-0.126246,0.011799,0.075929,-0.102585
0.003592,0.146786,-0.016836,0.024514
-0.076756,-0.012536,-0.125673,0.570787
0.000000,0.000000,0.000000,1.000000

-0.126976,0.011737,0.074712,-0.102775
0.003635,0.146780,-0.016882,0.024554
-0.075541,-0.012667,-0.126395,0.570072
0.000000,0.000000,0.000000,1.000000

-0.127696,0.011675,0.073484,-0.102956
0.003678,0.146773,-0.016928,0.024593
-0.074315,-0.012798,-0.127106,0.569352
0.000000,0.000000,0.000000,1.000000

-0.128406,0.011611,0.072247,-0.103127
0.003721,0.146767,-0.016974,0.024634
-0.073079,-0.012928,-0.127807,0.568629
0.000000,0.000000,0.000000,1.000000

-0.129105,0.011547,0.071000,-0.103290
0.003766,0.146760,-0.017020,0.024674
-0.071834,-0.013059,-0.128498,0.567902
0.000000,0.000000,0.000000,1.000000

-0.129795,0.011480,0.069743,-0.103443
0.003811,0.146754,-0.017066,0.024715
-0.070578,-0.013189,-0.129179,0.567174
0.000000,0.000000,0.000000,1.000000

-0.130474,0.011413,0.068476,-0.103587
0.003856,0.146747,-0.017111,0.024757
-0.069313,-0.013320,-0.129849,0.566443
0.000000,0.000000,0.000000,1.000000

-0.131142,0.011344,0.067198,-0.103721
0.003903,0.146741,-0.017157,0.024798
-0.068037,-0.013450,-0.130509,0.565712
0.000000,0.000000,0.000000,1.000000

-0.131799,0.011274,0.065911,-0.103846
0.003949,0.146734,-0.017202,0.024841
-0.066752,-0.013579,-0.131157,0.564981
0.000000,0.000000,0.000000,1.000000

-0.132446,0.011203,0.064614,-0.103961
0.003997,0.146728,-0.017247,0.024883
-0.065456,-0.013709,-0.131795,0.564250
0.000000,0.000000,0.000000,1.000000

-0.133082,0.011131,0.063307,-0.104066
0.004046,0.146721,-0.017292,0.024926
-0.064151,-0.013838,-0.132422,0.563521
0.000000,0.000000,0.000000,1.000000

-0.133707,0.011057,0.061990,-0.104162
0.004095,0.146715,-0.017337,0.024970
-0.062835,-0.013967,-0.133038,0.562794
0.000000,0.000000,0.000000,1.000000

-0.134320,0.010982,0.060663,-0.104247
0.004145,0.146708,-0.017382,0.025014
-0.061509,-0.014096,-0.133643,0.562069
0.000000,0.000000,0.000000,1.000000

-0.134922,0.010905,0.059326,-0.104323
0.004195,0.146701,-0.017426,0.025058
-0.060174,-0.014225,-0.134236,0.561348
0.000000,0.000000,0.000000,1.000000

-0.135513,0.010828,0.057978,-0.104388
0.004247,0.146694,-0.017470,0.025103
-0.058828,-0.014353,-0.134818,0.560630
0.000000,0.000000,0.000000,1.000000

-0.136092,0.010749,0.056621,-0.104444
0.004299,0.146688,-0.017514,0.025148
-0.057472,-0.014481,-0.135388,0.559918
0.000000,0.000000,0.000000,1.000000

-0.136659,0.010668,0.055254,-0.104489
0.004352,0.146681,-0.017558,0.025194
-0.056106,-0.014608,-0.135946,0.559210
0.000000,0.000000,0.000000,1.000000

-0.137214,0.010586,0.053877,-0.104523
0.004405,0.146674,-0.017601,0.025240
-0.054730,-0.014735,-0.136492,0.558509
0.000000,0.000000,0.000000,1.000000

-0.137757,0.010503,0.052489,-0.104547
0.004460,0.146667,-0.017644,0.025287
-0.053344,-0.014862,-0.137026,0.557814
0.000000,0.000000,0.000000,1.000000

-0.138288,0.010419,0.051092,-0.104560
0.004515,0.146660,-0.017687,0.025334
-0.051948,-0.014988,-0.137547,0.557126
0.000000,0.000000,0.000000,1.000000

-0.138806,0.010333,0.049685,-0.104563
0.004571,0.146654,-0.017729,0.025382
-0.050542,-0.015114,-0.138056,0.556446
0.000000,0.000000,0.000000,1.000000

-0.139312,0.010246,0.048268,-0.104555
0.004628,0.146647,-0.017771,0.025430
-0.049126,-0.015240,-0.138553,0.555774
0.000000,0.000000,0.000000,1.000000

-0.139804,0.010158,0.046841,-0.104536
0.004686,0.146640,-0.017813,0.025478
-0.047700,-0.015365,-0.139037,0.555112
0.000000,0.000000,0.000000,1.000000

-0.140284,0.010068,0.045404,-0.104506
0.004745,0.146633,-0.017854,0.025527
-0.046264,-0.015489,-0.139507,0.554458
0.000000,0.000000,0.000000,1.000000

-0.140751,0.009976,0.043957,-0.104464
0.004804,0.146626,-0.017895,0.025577
-0.044819,-0.015613,-0.139964,0.553815
0.000000,0.000000,0.000000,1.000000

-0.141204,0.009884,0.042501,-0.104411
0.004865,0.146619,-0.017935,0.025627
-0.043363,-0.015736,-0.140408,0.553183
0.000000,0.000000,0.000000,1.000000

-0.141643,0.009790,0.041035,-0.104347
0.004926,0.146612,-0.017975,0.025677
-0.041898,-0.015859,-0.140839,0.552562
0.000000,0.000000,0.000000,1.000000

-0.142069,0.009694,0.039559,-0.104272
0.004988,0.146605,-0.018014,0.025728
-0.040423,-0.015981,-0.141255,0.551952
0.000000,0.000000,0.000000,1.000000

-0.142481,0.009597,0.038074,-0.104184
0.005051,0.146598,-0.018053,0.025779
-0.038939,-0.016103,-0.141658,0.551355
0.000000,0.000000,0.000000,1.000000

-0.142878,0.009499,0.036579,-0.104085
0.005114,0.146591,-0.018091,0.025831
-0.037445,-0.016224,-0.142046,0.550770
0.000000,0.000000,0.000000,1.000000

-0.143262,0.009399,0.035075,-0.103975
0.005179,0.146584,-0.018129,0.025883
-0.035941,-0.016344,-0.142421,0.550199
0.000000,0.000000,0.000000,1.000000

-0.143630,0.009298,0.033561,-0.103852
0.005244,0.146578,-0.018166,0.025935
-0.034428,-0.016464,-0.142780,0.549642
0.000000,0.000000,0.000000,1.000000

-0.143984,0.009196,0.032038,-0.103717
0.005311,0.146571,-0.018203,0.025988
-0.032905,-0.016583,-0.143125,0.549098
0.000000,0.000000,0.000000,1.000000

-0.144323,0.009092,0.030505,-0.103569
0.005378,0.146564,-0.018239,0.026042
-0.031374,-0.016701,-0.143455,0.548570
0.000000,0.000000,0.000000,1.000000

-0.144647,0.008987,0.028964,-0.103410
0.005446,0.146557,-0.018274,0.026096
-0.029833,-0.016818,-0.143769,0.548056
0.000000,0.000000,0.000000,1.000000

-0.144956,0.008880,0.027413,-0.103238
0.005515,0.146550,-0.018309,0.026150
-0.028283,-0.016934,-0.144069,0.547559
0.000000,0.000000,0.000000,1.000000

-0.145248,0.008772,0.025854,-0.103053
0.005585,0.146543,-0.018343,0.026205
-0.026724,-0.017050,-0.144352,0.547077
0.000000,0.000000,0.000000,1.000000

-0.145525,0.008662,0.024286,-0.102856
0.005656,0.146536,-0.018376,0.026260
-0.025157,-0.017165,-0.144620,0.546612
0.000000,0.000000,0.000000,1.000000

-0.145786,0.008551,0.022709,-0.102646
0.005727,0.146529,-0.018408,0.026315
-0.023580,-0.017278,-0.144872,0.546163
0.000000,0.000000,0.000000,1.000000

-0.146031,0.008439,0.021124,-0.102423
0.005800,0.146522,-0.018440,0.026371
-0.021995,-0.017391,-0.145108,0.545733
0.000000,0.000000,0.000000,1.000000

-0.146259,0.008325,0.019530,-0.102187
0.005873,0.146516,-0.018471,0.026427
-0.020402,-0.017503,-0.145327,0.545319
0.000000,0.000000,0.000000,1.000000

-0.146471,0.008210,0.017928,-0.101938
0.005947,0.146509,-0.018500,0.026484
-0.018800,-0.017614,-0.145529,0.544924
0.000000,0.000000,0.000000,1.000000

-0.146665,0.008093,0.016319,-0.101676
0.006022,0.146502,-0.018530,0.026541
-0.017191,-0.017723,-0.145715,0.544548
0.000000,0.000000,0.000000,1.000000

-0.146843,0.007975,0.014701,-0.101400
0.006098,0.146495,-0.018558,0.026598
-0.015573,-0.017832,-0.145883,0.544190
0.000000,0.000000,0.000000,1.000000

-0.147003,0.007856,0.013076,-0.101111
0.006175,0.146489,-0.018585,0.026656
-0.013948,-0.017939,-0.146035,0.543852
0.000000,0.000000,0.000000,1.000000

-0.147145,0.007735,0.011443,-0.100809
0.006253,0.146482,-0.018611,0.026714
-0.012316,-0.018046,-0.146168,0.543533
0.000000,0.000000,0.000000,1.000000

-0.147270,0.007612,0.009803,-0.100493
0.006331,0.146476,-0.018637,0.026772
-0.010675,-0.018151,-0.146284,0.543234
0.000000,0.000000,0.000000,1.000000

-0.147377,0.007489,0.008155,-0.100163
0.006410,0.146469,-0.018661,0.026830
-0.009028,-0.018255,-0.146382,0.542955
0.000000,0.000000,0.000000,1.000000

-0.147465,0.007364,0.006501,-0.099819
0.006490,0.146463,-0.018684,0.026889
-0.007374,-0.018357,-0.146462,0.542697
0.000000,0.000000,0.000000,1.000000

-0.147535,0.007237,0.004840,-0.099461
0.006571,0.146456,-0.018706,0.026948
-0.005713,-0.018459,-0.146524,0.542459
0.000000,0.000000,0.000000,1.000000

-0.147587,0.007109,0.003173,-0.099090
0.006652,0.146450,-0.018727,0.027007
-0.004045,-0.018559,-0.146566,0.542242
0.000000,0.000000,0.000000,1.000000

-0.147620,0.006980,0.001499,-0.098704
0.006734,0.146443,-0.018747,0.027067
-0.002371,-0.018657,-0.146591,0.542047
0.000000,0.000000,0.000000,1.000000

-0.147633,0.006850,-0.000180,-0.098304
0.006817,0.146437,-0.018766,0.027127
-0.000691,-0.018754,-0.146596,0.541874
0.000000,0.000000,0.000000,1.000000

-0.147628,0.006718,-0.001865,-0.097890
0.006901,0.146431,-0.018784,0.027187
0.000994,-0.018850,-0.146582,0.541722
0.000000,0.000000,0.000000,1.000000

-0.147602,0.006585,-0.003556,-0.097462
0.006985,0.146425,-0.018800,0.027247
0.002685,-0.018944,-0.146548,0.541593
0.000000,0.000000,0.000000,1.000000

-0.147558,0.006450,-0.005251,-0.097020
0.007070,0.146419,-0.018815,0.027307
0.004381,-0.019037,-0.146495,0.541485
0.000000,0.000000,0.000000,1.000000

-0.147493,0.006315,-0.006952,-0.096563
0.007156,0.146413,-0.018829,0.027367
0.006083,-0.019128,-0.146423,0.541400
0.000000,0.000000,0.000000,1.000000

-0.147409,0.006177,-0.008657,-0.096091
0.007242,0.146407,-0.018842,0.027428
0.007788,-0.019217,-0.146330,0.541338
0.000000,0.000000,0.000000,1.000000

-0.147304,0.006039,-0.010366,-0.095605
0.007329,0.146401,-0.018853,0.027488
0.009499,-0.019305,-0.146218,0.541299
0.000000,0.000000,0.000000,1.000000

-0.147179,0.005900,-0.012080,-0.095105
0.007416,0.146396,-0.018863,0.027549
0.011213,-0.019391,-0.146085,0.541283
0.000000,0.000000,0.000000,1.000000

-0.147034,0.005759,-0.013797,-0.094590
0.007504,0.146390,-0.018872,0.027609
0.012931,-0.019475,-0.145931,0.541290
0.000000,0.000000,0.000000,1.000000

-0.146868,0.005617,-0.015517,-0.094061
0.007593,0.146385,-0.018879,0.027670
0.014652,-0.019558,-0.145758,0.541321
0.000000,0.000000,0.000000,1.000000

-0.146681,0.005473,-0.017241,-0.093517
0.007682,0.146379,-0.018885,0.027730
0.016376,-0.019639,-0.145563,0.541375
0.000000,0.000000,0.000000,1.000000

-0.146473,0.005329,-0.018966,-0.092958
0.007771,0.146374,-0.018889,0.027791
0.018103,-0.019718,-0.145348,0.541452
0.000000,0.000000,0.000000,1.000000

-0.146244,0.005183,-0.020694,-0.092385
0.007861,0.146369,-0.018892,0.027851
0.019832,-0.019795,-0.145111,0.541554
0.000000,0.000000,0.000000,1.000000

-0.145994,0.005037,-0.022424,-0.091797
0.007951,0.146364,-0.018893,0.027912
0.021564,-0.019870,-0.144854,0.541679
0.000000,0.000000,0.000000,1.000000

-0.145723,0.004889,-0.024156,-0.091195
0.008042,0.146359,-0.018893,0.027972
0.023296,-0.019943,-0.144575,0.541828
0.000000,0.000000,0.000000,1.000000

-0.145430,0.004740,-0.025888,-0.090578
0.008133,0.146354,-0.018892,0.028032
0.025031,-0.020014,-0.144275,0.542001
0.000000,0.000000,0.000000,1.000000

-0.145115,0.004590,-0.027622,-0.089947
0.008224,0.146349,-0.018888,0.028092
0.026765,-0.020083,-0.143954,0.542198
0.000000,0.000000,0.000000,1.000000

-0.144779,0.004439,-0.029356,-0.089301
0.008316,0.146345,-0.018884,0.028152
0.028501,-0.020150,-0.143611,0.542419
0.000000,0.000000,0.000000,1.000000

-0.144421,0.004287,-0.031089,-0.088640
0.008408,0.146340,-0.018877,0.028211
0.030236,-0.020215,-0.143247,0.542665
0.000000,0.000000,0.000000,1.000000

-0.144042,0.004134,-0.032823,-0.087965
0.008500,0.146336,-0.018870,0.028271
0.031972,-0.020278,-0.142860,0.542934
0.000000,0.000000,0.000000,1.000000

-0.143641,0.003980,-0.034555,-0.087276
0.008592,0.146332,-0.018860,0.028330
0.033706,-0.020339,-0.142453,0.543228
0.000000,0.000000,0.000000,1.000000

-0.143217,0.003825,-0.036286,-0.086573
0.008684,0.146328,-0.018849,0.028388
0.035439,-0.020398,-0.142023,0.543546
0.000000,0.000000,0.000000,1.000000

-0.142772,0.003669,-0.038016,-0.085855
0.008776,0.146324,-0.018836,0.028447
0.037170,-0.020454,-0.141572,0.543888
0.000000,0.000000,0.000000,1.000000

-0.142305,0.003513,-0.039743,-0.085124
0.008868,0.146320,-0.018822,0.028505
0.038900,-0.020508,-0.141098,0.544254
0.000000,0.000000,0.000000,1.000000

-0.141816,0.003355,-0.041468,-0.084378
0.008961,0.146317,-0.018806,0.028562
0.040627,-0.020560,-0.140603,0.544644
0.000000,0.000000,0.000000,1.000000

-0.141304,0.003197,-0.043190,-0.083618
0.009053,0.146313,-0.018788,0.028619
0.042351,-0.020609,-0.140086,0.545059
0.000000,0.000000,0.000000,1.000000

-0.140771,0.003038,-0.044908,-0.082844
0.009145,0.146310,-0.018769,0.028676
0.044072,-0.020656,-0.139547,0.545497
0.000000,0.000000,0.000000,1.000000

-0.140216,0.002878,-0.046623,-0.082057
0.009237,0.146307,-0.018748,0.028732
0.045789,-0.020701,-0.138987,0.545959
0.000000,0.000000,0.000000,1.000000

-0.139639,0.002718,-0.048333,-0.081256
0.009329,0.146304,-0.018725,0.028788
0.047502,-0.020743,-0.138404,0.546445
0.000000,0.000000,0.000000,1.000000

-0.139040,0.002557,-0.050039,-0.080442
0.009421,0.146301,-0.018701,0.028843
0.049211,-0.020783,-0.137800,0.546955
0.000000,0.000000,0.000000,1.000000

-0.138419,0.002395,-0.051739,-0.079615
0.009512,0.146298,-0.018675,0.028897
0.050914,-0.020821,-0.137174,0.547489
0.000000,0.000000,0.000000,1.000000

-0.137776,0.002233,-0.053434,-0.078774
0.009603,0.146296,-0.018648,0.028951
0.052611,-0.020856,-0.136527,0.548046
0.000000,0.000000,0.000000,1.000000

-0.137112,0.002070,-0.055123,-0.077920
0.009694,0.146294,-0.018618,0.029005
0.054303,-0.020888,-0.135858,0.548627
0.000000,0.000000,0.000000,1.000000

-0.136426,0.001907,-0.056805,-0.077054
0.009784,0.146292,-0.018587,0.029057
0.055989,-0.020919,-0.135167,0.549231
0.000000,0.000000,0.000000,1.000000

-0.135718,0.001743,-0.058480,-0.076175
0.009874,0.146290,-0.018555,0.029109
0.057667,-0.020946,-0.134455,0.549858
0.000000,0.000000,0.000000,1.000000

-0.134990,0.001579,-0.060148,-0.075283
0.009964,0.146288,-0.018520,0.029160
0.059338,-0.020971,-0.133722,0.550508
0.000000,0.000000,0.000000,1.000000

-0.134239,0.001415,-0.061808,-0.074379
0.010053,0.146287,-0.018485,0.029211
0.061002,-0.020994,-0.132968,0.551182
0.000000,0.000000,0.000000,1.000000

-0.133468,0.001250,-0.063460,-0.073463
0.010141,0.146285,-0.018447,0.029260
0.062657,-0.021014,-0.132193,0.551878
0.000000,0.000000,0.000000,1.000000

-0.132676,0.001085,-0.065103,-0.072536
0.010229,0.146284,-0.018408,0.029309
0.064303,-0.021031,-0.131397,0.552596
0.000000,0.000000,0.000000,1.000000

-0.131863,0.000919,-0.066737,-0.071596
0.010316,0.146283,-0.018367,0.029357
0.065941,-0.021046,-0.130581,0.553337
0.000000,0.000000,0.000000,1.000000

-0.131029,0.000754,-0.068361,-0.070646
0.010402,0.146282,-0.018325,0.029405
0.067569,-0.021058,-0.129744,0.554100
0.000000,0.000000,0.000000,1.000000

-0.130175,0.000588,-0.069975,-0.069684
0.010488,0.146282,-0.018281,0.029451
0.069187,-0.021068,-0.128887,0.554886
0.000000,0.000000,0.000000,1.000000

-0.129301,0.000422,-0.071579,-0.068711
0.010573,0.146281,-0.018236,0.029497
0.070795,-0.021075,-0.128010,0.555693
0.000000,0.000000,0.000000,1.000000

-0.128407,0.000256,-0.073172,-0.067727
0.010657,0.146281,-0.018189,0.029541
0.072392,-0.021079,-0.127112,0.556521
0.000000,0.000000,0.000000,1.000000

-0.127493,0.000090,-0.074753,-0.066734
0.010740,0.146281,-0.018141,0.029585
0.073978,-0.021081,-0.126196,0.557371
0.000000,0.000000,0.000000,1.000000

-0.126559,-0.000076,-0.076323,-0.065729
0.010822,0.146281,-0.018091,0.029627
0.075552,-0.021081,-0.125260,0.558243
0.000000,0.000000,0.000000,1.000000

-0.125606,-0.000242,-0.077881,-0.064715
0.010904,0.146281,-0.018039,0.029669
0.077114,-0.021077,-0.124305,0.559135
0.000000,0.000000,0.000000,1.000000

-0.124635,-0.000408,-0.079426,-0.063692
0.010984,0.146282,-0.017987,0.029710
0.078664,-0.021071,-0.123331,0.560048
0.000000,0.000000,0.000000,1.000000

-0.123644,-0.000573,-0.080959,-0.062659
0.011063,0.146282,-0.017932,0.029750
0.080201,-0.021063,-0.122338,0.560982
0.000000,0.000000,0.000000,1.000000

-0.122635,-0.000739,-0.082478,-0.061617
0.011142,0.146283,-0.017877,0.029788
0.081726,-0.021052,-0.121327,0.561935
0.000000,0.000000,0.000000,1.000000

-0.121607,-0.000904,-0.083984,-0.060566
0.011219,0.146284,-0.017820,0.029826
0.083236,-0.021038,-0.120298,0.562909
0.000000,0.000000,0.000000,1.000000

-0.120562,-0.001069,-0.085476,-0.059506
0.011295,0.146285,-0.017762,0.029863
0.084733,-0.021022,-0.119251,0.563903
0.000000,0.000000,0.000000,1.000000

-0.119499,-0.001234,-0.086953,-0.058439
0.011370,0.146287,-0.017702,0.029898
0.086215,-0.021003,-0.118187,0.564916
0.000000,0.000000,0.000000,1.000000

-0.118419,-0.001398,-0.088416,-0.057363
0.011444,0.146288,-0.017642,0.029933
0.087684,-0.020982,-0.117106,0.565948
0.000000,0.000000,0.000000,1.000000

-0.117322,-0.001563,-0.089864,-0.056279
0.011517,0.146290,-0.017580,0.029966
0.089137,-0.020958,-0.116008,0.567000
0.000000,0.000000,0.000000,1.000000

-0.116208,-0.001726,-0.091297,-0.055189
0.011588,0.146292,-0.017516,0.029998
0.090575,-0.020932,-0.114894,0.568070
0.000000,0.000000,0.000000,1.000000

-0.115078,-0.001889,-0.092714,-0.054091
0.011659,0.146294,-0.017452,0.030029
0.091997,-0.020903,-0.113763,0.569158
0.000000,0.000000,0.000000,1.000000

-0.113933,-0.002052,-0.094115,-0.052987
0.011727,0.146296,-0.017387,0.030059
0.093404,-0.020872,-0.112617,0.570265
0.000000,0.000000,0.000000,1.000000

-0.112771,-0.002214,-0.095500,-0.051876
0.011795,0.146299,-0.017320,0.030088
0.094795,-0.020838,-0.111455,0.571390
0.000000,0.000000,0.000000,1.000000

-0.111594,-0.002376,-0.096869,-0.050759
0.011861,0.146302,-0.017253,0.030116
0.096169,-0.020802,-0.110278,0.572532
0.000000,0.000000,0.000000,1.000000

-0.110403,-0.002537,-0.098221,-0.049636
0.011926,0.146304,-0.017184,0.030143
0.097527,-0.020763,-0.109087,0.573691
0.000000,0.000000,0.000000,1.000000

-0.109196,-0.002697,-0.099556,-0.048507
0.011990,0.146307,-0.017115,0.030168
0.098868,-0.020722,-0.107881,0.574868
0.000000,0.000000,0.000000,1.000000

-0.107976,-0.002857,-0.100874,-0.047373
0.012052,0.146310,-0.017044,0.030193
0.100192,-0.020679,-0.106661,0.576061
0.000000,0.000000,0.000000,1.000000

-0.106742,-0.003016,-0.102174,-0.046235
0.012113,0.146314,-0.016973,0.030216
0.101498,-0.020633,-0.105427,0.577271
0.000000,0.000000,0.000000,1.000000

-0.105495,-0.003174,-0.103457,-0.045091
0.012172,0.146317,-0.016901,0.030238
0.102787,-0.020585,-0.104180,0.578497
0.000000,0.000000,0.000000,1.000000

-0.104234,-0.003331,-0.104722,-0.043944
0.012230,0.146321,-0.016828,0.030259
0.104058,-0.020535,-0.102921,0.579739
0.000000,0.000000,0.000000,1.000000

-0.102961,-0.003488,-0.105969,-0.042792
0.012287,0.146324,-0.016754,0.030279
0.105312,-0.020482,-0.101649,0.580996
0.000000,0.000000,0.000000,1.000000

-0.101676,-0.003643,-0.107197,-0.041637
0.012342,0.146328,-0.016680,0.030297
0.106547,-0.020427,-0.100364,0.582268
0.000000,0.000000,0.000000,1.000000

-0.100378,-0.003798,-0.108408,-0.040478
0.012396,0.146332,-0.016605,0.030315
0.107764,-0.020370,-0.099068,0.583556
0.000000,0.000000,0.000000,1.000000

-0.099070,-0.003952,-0.109600,-0.039316
0.012448,0.146336,-0.016529,0.030331
0.108962,-0.020311,-0.097761,0.584858
0.000000,0.000000,0.000000,1.000000

-0.097750,-0.004105,-0.110773,-0.038151
0.012499,0.146341,-0.016453,0.030347
0.110142,-0.020250,-0.096443,0.586174
0.000000,0.000000,0.000000,1.000000

-0.096419,-0.004257,-0.111927,-0.036984
0.012548,0.146345,-0.016376,0.030361
0.111303,-0.020186,-0.095114,0.587505
0.000000,0.000000,0.000000,1.000000

-0.095078,-0.004408,-0.113063,-0.035814
0.012596,0.146350,-0.016298,0.030374
0.112445,-0.020121,-0.093775,0.588849
0.000000,0.000000,0.000000,1.000000

-0.093728,-0.004558,-0.114179,-0.034642
0.012642,0.146354,-0.016220,0.030386
0.113569,-0.020053,-0.092426,0.590206
0.000000,0.000000,0.000000,1.000000

-0.092367,-0.004707,-0.115276,-0.033469
0.012687,0.146359,-0.016142,0.030397
0.114673,-0.019984,-0.091068,0.591577
0.000000,0.000000,0.000000,1.000000

-0.090998,-0.004855,-0.116354,-0.032294
0.012730,0.146364,-0.016063,0.030407
0.115758,-0.019913,-0.089700,0.592960
0.000000,0.000000,0.000000,1.000000

-0.089619,-0.005002,-0.117413,-0.031118
0.012772,0.146369,-0.015984,0.030415
0.116823,-0.019839,-0.088324,0.594355
0.000000,0.000000,0.000000,1.000000

-0.088233,-0.005147,-0.118453,-0.029941
0.012812,0.146374,-0.015904,0.030423
0.117870,-0.019764,-0.086940,0.595762
0.000000,0.000000,0.000000,1.000000

-0.086838,-0.005292,-0.119473,-0.028764
0.012851,0.146379,-0.015825,0.030429
0.118897,-0.019687,-0.085547,0.597182
0.000000,0.000000,0.000000,1.000000

-0.085435,-0.005435,-0.120473,-0.027586
0.012889,0.146385,-0.015745,0.030435
0.119905,-0.019608,-0.084147,0.598612
0.000000,0.000000,0.000000,1.000000

-0.084025,-0.005577,-0.121454,-0.026408
0.012925,0.146390,-0.015664,0.030440
0.120894,-0.019527,-0.082740,0.600054
0.000000,0.000000,0.000000,1.000000

-0.082608,-0.005718,-0.122416,-0.025230
0.012959,0.146396,-0.015584,0.030443
0.121862,-0.019445,-0.081326,0.601506
0.000000,0.000000,0.000000,1.000000

-0.081185,-0.005858,-0.123358,-0.024052
0.012993,0.146401,-0.015503,0.030446
0.122812,-0.019361,-0.079906,0.602969
0.000000,0.000000,0.000000,1.000000

-0.079755,-0.005997,-0.124281,-0.022875
0.013024,0.146407,-0.015422,0.030447
0.123742,-0.019275,-0.078479,0.604441
0.000000,0.000000,0.000000,1.000000

-0.078319,-0.006134,-0.125184,-0.021699
0.013055,0.146413,-0.015341,0.030448
0.124652,-0.019187,-0.077047,0.605923
0.000000,0.000000,0.000000,1.000000

-0.076878,-0.006270,-0.126067,-0.020524
0.013084,0.146419,-0.015261,0.030448
0.125543,-0.019098,-0.075609,0.607415
0.000000,0.000000,0.000000,1.000000

-0.075432,-0.006405,-0.126931,-0.019350
0.013111,0.146425,-0.015180,0.030446
0.126415,-0.019008,-0.074166,0.608915
0.000000,0.000000,0.000000,1.000000

-0.073980,-0.006538,-0.127776,-0.018177
0.013137,0.146431,-0.015099,0.030444
0.127267,-0.018916,-0.072718,0.610424
0.000000,0.000000,0.000000,1.000000

-0.072524,-0.006670,-0.128601,-0.017006
0.013162,0.146437,-0.015018,0.030441
0.128100,-0.018822,-0.071265,0.611941
0.000000,0.000000,0.000000,1.000000

-0.071064,-0.006801,-0.129407,-0.015837
0.013185,0.146443,-0.014937,0.030437
0.128913,-0.018727,-0.069808,0.613466
0.000000,0.000000,0.000000,1.000000

-0.069599,-0.006930,-0.130194,-0.014671
0.013207,0.146449,-0.014856,0.030432
0.129707,-0.018631,-0.068348,0.614999
0.000000,0.000000,0.000000,1.000000

-0.068132,-0.007059,-0.130961,-0.013506
0.013228,0.146455,-0.014776,0.030426
0.130482,-0.018533,-0.066884,0.616539
0.000000,0.000000,0.000000,1.000000

-0.066660,-0.007185,-0.131709,-0.012344
0.013248,0.146462,-0.014695,0.030420
0.131238,-0.018434,-0.065416,0.618085
0.000000,0.000000,0.000000,1.000000

-0.065186,-0.007311,-0.132438,-0.011184
0.013266,0.146468,-0.014615,0.030413
0.131975,-0.018334,-0.063946,0.619638
0.000000,0.000000,0.000000,1.000000

-0.063709,-0.007435,-0.133148,-0.010027
0.013283,0.146475,-0.014535,0.030405
0.132692,-0.018232,-0.062473,0.621196
0.000000,0.000000,0.000000,1.000000

-0.062229,-0.007558,-0.133839,-0.008873
0.013298,0.146481,-0.014455,0.030396
0.133391,-0.018129,-0.060997,0.622760
0.000000,0.000000,0.000000,1.000000

-0.060748,-0.007679,-0.134511,-0.007723
0.013313,0.146488,-0.014375,0.030386
0.134071,-0.018025,-0.059520,0.624330
0.000000,0.000000,0.000000,1.000000

-0.059264,-0.007799,-0.135164,-0.006575
0.013326,0.146494,-0.014296,0.030376
0.134732,-0.017920,-0.058040,0.625904
0.000000,0.000000,0.000000,1.000000

-0.057779,-0.007918,-0.135799,-0.005431
0.013338,0.146501,-0.014217,0.030365
0.135374,-0.017814,-0.056559,0.627482
0.000000,0.000000,0.000000,1.000000

-0.056292,-0.008035,-0.136416,-0.004291
0.013349,0.146507,-0.014138,0.030353
0.135998,-0.017706,-0.055077,0.629065
0.000000,0.000000,0.000000,1.000000

-0.054803,-0.008151,-0.137013,-0.003154
0.013359,0.146514,-0.014059,0.030340
0.136604,-0.017598,-0.053593,0.630652
0.000000,0.000000,0.000000,1.000000

-0.053314,-0.008265,-0.137593,-0.002020
0.013367,0.146521,-0.013981,0.030327
0.137191,-0.017489,-0.052108,0.632241
0.000000,0.000000,0.000000,1.000000

-0.051824,-0.008379,-0.138154,-0.000891
0.013375,0.146527,-0.013904,0.030313
0.137760,-0.017378,-0.050622,0.633833
0.000000,0.000000,0.000000,1.000000

-0.050334,-0.008490,-0.138697,0.000234
0.013381,0.146534,-0.013826,0.030299
0.138311,-0.017267,-0.049136,0.635428
0.000000,0.000000,0.000000,1.000000

-0.048843,-0.008601,-0.139222,0.001355
0.013387,0.146541,-0.013749,0.030284
0.138844,-0.017155,-0.047650,0.637024
0.000000,0.000000,0.000000,1.000000

-0.047352,-0.008709,-0.139730,0.002472
0.013391,0.146548,-0.013673,0.030268
0.139359,-0.017041,-0.046164,0.638622
0.000000,0.000000,0.000000,1.000000

-0.045861,-0.008817,-0.140219,0.003584
0.013395,0.146554,-0.013596,0.030252
0.139856,-0.016927,-0.044678,0.640220
0.000000,0.000000,0.000000,1.000000

-0.044371,-0.008923,-0.140692,0.004692
0.013397,0.146561,-0.013521,0.030235
0.140336,-0.016813,-0.043192,0.641820
0.000000,0.000000,0.000000,1.000000

-0.042881,-0.009028,-0.141146,0.005795
0.013398,0.146568,-0.013445,0.030218
0.140799,-0.016697,-0.041707,0.643419
0.000000,0.000000,0.000000,1.000000

-0.041391,-0.009131,-0.141583,0.006893
0.013399,0.146575,-0.013370,0.030200
0.141243,-0.016581,-0.040223,0.645018
0.000000,0.000000,0.000000,1.000000

-0.039903,-0.009233,-0.142004,0.007987
0.013398,0.146582,-0.013296,0.030182
0.141671,-0.016464,-0.038739,0.646616
0.000000,0.000000,0.000000,1.000000

-0.038415,-0.009334,-0.142407,0.009076
0.013397,0.146588,-0.013222,0.030163
0.142082,-0.016346,-0.037256,0.648213
0.000000,0.000000,0.000000,1.000000

-0.036929,-0.009433,-0.142793,0.010161
0.013395,0.146595,-0.013149,0.030144
0.142476,-0.016227,-0.035775,0.649808
0.000000,0.000000,0.000000,1.000000

-0.035444,-0.009531,-0.143162,0.011240
0.013392,0.146602,-0.013076,0.030124
0.142853,-0.016108,-0.034295,0.651401
0.000000,0.000000,0.000000,1.000000

-0.033960,-0.009628,-0.143515,0.012314
0.013388,0.146609,-0.013003,0.030104
0.143213,-0.015988,-0.032816,0.652991
0.000000,0.000000,0.000000,1.000000

-0.032478,-0.009723,-0.143851,0.013383
0.013383,0.146616,-0.012931,0.030084
0.143557,-0.015868,-0.031339,0.654578
0.000000,0.000000,0.000000,1.000000

-0.030998,-0.009817,-0.144171,0.014447
0.013378,0.146623,-0.012860,0.030063
0.143884,-0.015747,-0.029864,0.656161
0.000000,0.000000,0.000000,1.000000

-0.029519,-0.009909,-0.144475,0.015506
0.013371,0.146629,-0.012789,0.030041
0.144195,-0.015626,-0.028391,0.657740
0.000000,0.000000,0.000000,1.000000

-0.028043,-0.010000,-0.144762,0.016560
0.013364,0.146636,-0.012718,0.030020
0.144490,-0.015503,-0.026919,0.659314
0.000000,0.000000,0.000000,1.000000

-0.026568,-0.010090,-0.145034,0.017608
0.013356,0.146643,-0.012649,0.029997
0.144770,-0.015381,-0.025450,0.660883
0.000000,0.000000,0.000000,1.000000

-0.025096,-0.010178,-0.145290,0.018651
0.013348,0.146650,-0.012579,0.029975
0.145033,-0.015258,-0.023983,0.662446
0.000000,0.000000,0.000000,1.000000

-0.023626,-0.010265,-0.145530,0.019689
0.013339,0.146656,-0.012510,0.029952
0.145280,-0.015134,-0.022518,0.664003
0.000000,0.000000,0.000000,1.000000

-0.022158,-0.010351,-0.145754,0.020721
0.013329,0.146663,-0.012442,0.029929
0.145512,-0.015010,-0.021055,0.665552
0.000000,0.000000,0.000000,1.000000

-0.020693,-0.010436,-0.145964,0.021748
0.013318,0.146670,-0.012374,0.029906
0.145729,-0.014886,-0.019595,0.667095
0.000000,0.000000,0.000000,1.000000

-0.019231,-0.010519,-0.146158,0.022770
0.013307,0.146676,-0.012307,0.029882
0.145930,-0.014761,-0.018138,0.668629
0.000000,0.000000,0.000000,1.000000

-0.017771,-0.010601,-0.146336,0.023786
0.013295,0.146683,-0.012240,0.029858
0.146116,-0.014636,-0.016684,0.670154
0.000000,0.000000,0.000000,1.000000

-0.016314,-0.010681,-0.146500,0.024796
0.013283,0.146690,-0.012174,0.029834
0.146287,-0.014511,-0.015232,0.671670
0.000000,0.000000,0.000000,1.000000

-0.014859,-0.010760,-0.146649,0.025801
0.013270,0.146696,-0.012109,0.029809
0.146443,-0.014385,-0.013783,0.673176
0.000000,0.000000,0.000000,1.000000

-0.013408,-0.010838,-0.146783,0.026801
0.013257,0.146703,-0.012043,0.029785
0.146584,-0.014259,-0.012337,0.674672
0.000000,0.000000,0.000000,1.000000

-0.011959,-0.010915,-0.146902,0.027795
0.013243,0.146709,-0.011979,0.029760
0.146711,-0.014132,-0.010894,0.676157
0.000000,0.000000,0.000000,1.000000

-0.010514,-0.010990,-0.147007,0.028783
0.013228,0.146716,-0.011915,0.029735
0.146823,-0.014006,-0.009454,0.677630
0.000000,0.000000,0.000000,1.000000

-0.009072,-0.011065,-0.147098,0.029766
0.013213,0.146722,-0.011851,0.029709
0.146920,-0.013879,-0.008017,0.679090
0.000000,0.000000,0.000000,1.000000

-0.007633,-0.011137,-0.147174,0.030743
0.013198,0.146729,-0.011788,0.029684
0.147004,-0.013751,-0.006583,0.680538
0.000000,0.000000,0.000000,1.000000

-0.006197,-0.011209,-0.147236,0.031715
0.013182,0.146735,-0.011726,0.029658
0.147073,-0.013624,-0.005152,0.681972
0.000000,0.000000,0.000000,1.000000

-0.004764,-0.011279,-0.147284,0.032681
0.013165,0.146742,-0.011664,0.029632
0.147127,-0.013496,-0.003725,0.683392
0.000000,0.000000,0.000000,1.000000

-0.003334,-0.011349,-0.147318,0.033642
0.013148,0.146748,-0.011602,0.029606
0.147168,-0.013368,-0.002301,0.684797
0.000000,0.000000,0.000000,1.000000

-0.001908,-0.011416,-0.147338,0.034597
0.013131,0.146754,-0.011541,0.029580
0.147195,-0.013240,-0.000881,0.686186
0.000000,0.000000,0.000000,1.000000

-0.000486,-0.011483,-0.147344,0.035546
0.013113,0.146761,-0.011481,0.029553
0.147208,-0.013112,0.000537,0.687559
0.000000,0.000000,0.000000,1.000000

0.000934,-0.011548,-0.147337,0.036490
0.013095,0.146767,-0.011421,0.029527
0.147208,-0.012983,0.001951,0.688915
0.000000,0.000000,0.000000,1.000000

0.002350,-0.011613,-0.147316,0.037428
0.013077,0.146773,-0.011361,0.029500
0.147194,-0.012854,0.003361,0.690254
0.000000,0.000000,0.000000,1.000000

0.003762,-0.011676,-0.147282,0.038361
0.013058,0.146780,-0.011302,0.029473
0.147166,-0.012725,0.004768,0.691574
0.000000,0.000000,0.000000,1.000000

0.005171,-0.011737,-0.147234,0.039288
0.013039,0.146786,-0.011244,0.029446
0.147125,-0.012596,0.006172,0.692875
0.000000,0.000000,0.000000,1.000000

0.006577,-0.011798,-0.147174,0.040209
0.013020,0.146792,-0.011186,0.029419
0.147070,-0.012467,0.007572,0.694156
0.000000,0.000000,0.000000,1.000000

0.007979,-0.011857,-0.147099,0.041125
0.013000,0.146798,-0.011128,0.029392
0.147003,-0.012338,0.008968,0.695416
0.000000,0.000000,0.000000,1.000000

0.009377,-0.011916,-0.147012,0.042035
0.012980,0.146804,-0.011071,0.029365
0.146922,-0.012209,0.010361,0.696655
0.000000,0.000000,0.000000,1.000000

0.010772,-0.011973,-0.146912,0.042940
0.012959,0.146810,-0.011014,0.029338
0.146828,-0.012079,0.011750,0.697872
0.000000,0.000000,0.000000,1.000000

0.012163,-0.012028,-0.146799,0.043839
0.012939,0.146816,-0.010958,0.029310
0.146721,-0.011950,0.013135,0.699067
0.000000,0.000000,0.000000,1.000000

0.013550,-0.012083,-0.146673,0.044732
0.012918,0.146822,-0.010902,0.029283
0.146602,-0.011820,0.014517,0.700237
0.000000,0.000000,0.000000,1.000000

0.014934,-0.012137,-0.146534,0.045620
0.012897,0.146828,-0.010847,0.029255
0.146469,-0.011691,0.015895,0.701383
0.000000,0.000000,0.000000,1.000000

0.016313,-0.012189,-0.146382,0.046503
0.012875,0.146834,-0.010792,0.029228
0.146324,-0.011561,0.017269,0.702504
0.000000,0.000000,0.000000,1.000000

0.017689,-0.012240,-0.146218,0.047379
0.012854,0.146840,-0.010737,0.029200
0.146166,-0.011432,0.018640,0.703599
0.000000,0.000000,0.000000,1.000000

0.019062,-0.012290,-0.146041,0.048251
0.012832,0.146846,-0.010683,0.029172
0.145995,-0.011302,0.020007,0.704667
0.000000,0.000000,0.000000,1.000000

0.020430,-0.012339,-0.145852,0.049116
0.012810,0.146852,-0.010629,0.029145
0.145812,-0.011172,0.021370,0.705708
0.000000,0.000000,0.000000,1.000000

0.021795,-0.012387,-0.145650,0.049976
0.012787,0.146858,-0.010576,0.029117
0.145616,-0.011042,0.022729,0.706720
0.000000,0.000000,0.000000,1.000000

0.023156,-0.012433,-0.145436,0.050831
0.012765,0.146863,-0.010523,0.029089
0.145408,-0.010913,0.024084,0.707703
0.000000,0.000000,0.000000,1.000000

0.024513,-0.012479,-0.145210,0.051680
0.012742,0.146869,-0.010470,0.029061
0.145187,-0.010783,0.025436,0.708657
0.000000,0.000000,0.000000,1.000000

0.025867,-0.012523,-0.144971,0.052523
0.012719,0.146875,-0.010418,0.029033
0.144954,-0.010653,0.026784,0.709579
0.000000,0.000000,0.000000,1.000000

0.027216,-0.012566,-0.144720,0.053361
0.012696,0.146880,-0.010366,0.029006
0.144709,-0.010524,0.028128,0.710470
0.000000,0.000000,0.000000,1.000000

0.028562,-0.012608,-0.144457,0.054193
0.012673,0.146886,-0.010314,0.028978
0.144451,-0.010394,0.029468,0.711328
0.000000,0.000000,0.000000,1.000000

0.029903,-0.012649,-0.144181,0.055020
0.012650,0.146892,-0.010263,0.028950
0.144181,-0.010264,0.030804,0.712153
0.000000,0.000000,0.000000,1.000000

0.031241,-0.012689,-0.143894,0.055841
0.012627,0.146897,-0.010212,0.028922
0.143900,-0.010135,0.032136,0.712944
0.000000,0.000000,0.000000,1.000000

0.032574,-0.012727,-0.143595,0.056657
0.012603,0.146903,-0.010161,0.028894
0.143606,-0.010005,0.033464,0.713701
0.000000,0.000000,0.000000,1.000000

0.033904,-0.012765,-0.143283,0.057466
0.012579,0.146908,-0.010111,0.028866
0.143300,-0.009876,0.034787,0.714421
0.000000,0.000000,0.000000,1.000000

0.035229,-0.012801,-0.142960,0.058271
0.012555,0.146914,-0.010061,0.028838
0.142982,-0.009747,0.036107,0.715105
0.000000,0.000000,0.000000,1.000000

0.036551,-0.012836,-0.142625,0.059069
0.012532,0.146919,-0.010011,0.028810
0.142652,-0.009617,0.037423,0.715752
0.000000,0.000000,0.000000,1.000000

0.037868,-0.012871,-0.142277,0.059862
0.012508,0.146925,-0.009962,0.028782
0.142310,-0.009488,0.038735,0.716361
0.000000,0.000000,0.000000,1.000000

0.039181,-0.012904,-0.141918,0.060650
0.012483,0.146930,-0.009913,0.028754
0.141956,-0.009359,0.040043,0.716931
0.000000,0.000000,0.000000,1.000000

0.040490,-0.012935,-0.141548,0.061431
0.012459,0.146935,-0.009864,0.028726
0.141590,-0.009230,0.041346,0.717461
0.000000,0.000000,0.000000,1.000000

0.041794,-0.012966,-0.141165,0.062207
0.012435,0.146941,-0.009815,0.028698
0.141213,-0.009102,0.042645,0.717951
0.000000,0.000000,0.000000,1.000000

0.043095,-0.012996,-0.140771,0.062977
0.012411,0.146946,-0.009767,0.028670
0.140824,-0.008973,0.043939,0.718400
0.000000,0.000000,0.000000,1.000000

0.044390,-0.013024,-0.140365,0.063742
0.012386,0.146951,-0.009718,0.028642
0.140423,-0.008845,0.045229,0.718807
0.000000,0.000000,0.000000,1.000000

0.045682,-0.013052,-0.139947,0.064501
0.012362,0.146956,-0.009670,0.028614
0.140010,-0.008716,0.046515,0.719171
0.000000,0.000000,0.000000,1.000000

0.046969,-0.013078,-0.139518,0.065254
0.012337,0.146962,-0.009623,0.028586
0.139586,-0.008588,0.047797,0.719493
0.000000,0.000000,0.000000,1.000000

0.048252,-0.013103,-0.139078,0.066001
0.012312,0.146967,-0.009575,0.028558
0.139150,-0.008460,0.049074,0.719770
0.000000,0.000000,0.000000,1.000000

0.049530,-0.013128,-0.138625,0.066742
0.012288,0.146972,-0.009528,0.028530
0.138702,-0.008332,0.050346,0.720002
0.000000,0.000000,0.000000,1.000000

0.050803,-0.013151,-0.138162,0.067477
0.012263,0.146977,-0.009480,0.028502
0.138243,-0.008205,0.051614,0.720190
0.000000,0.000000,0.000000,1.000000

0.052072,-0.013172,-0.137686,0.068207
0.012238,0.146982,-0.009433,0.028474
0.137773,-0.008077,0.052877,0.720331
0.000000,0.000000,0.000000,1.000000

0.053336,-0.013193,-0.137200,0.068930
0.012213,0.146987,-0.009387,0.028446
0.137290,-0.007950,0.054135,0.720426
0.000000,0.000000,0.000000,1.000000

0.054595,-0.013213,-0.136702,0.069648
0.012188,0.146992,-0.009340,0.028418
0.136797,-0.007823,0.055389,0.720474
0.000000,0.000000,0.000000,1.000000

0.055849,-0.013231,-0.136192,0.070359
0.012163,0.146997,-0.009293,0.028390
0.136292,-0.007697,0.056637,0.720474
0.000000,0.000000,0.000000,1.000000

0.057098,-0.013249,-0.135672,0.071065
0.012138,0.147002,-0.009247,0.028362
0.135775,-0.007570,0.057881,0.720427
0.000000,0.000000,0.000000,1.000000

0.058342,-0.013265,-0.135140,0.071764
0.012113,0.147007,-0.009201,0.028334
0.135248,-0.007444,0.059120,0.720331
0.000000,0.000000,0.000000,1.000000

0.059581,-0.013280,-0.134596,0.072457
0.012088,0.147012,-0.009154,0.028306
0.134709,-0.007318,0.060353,0.720185
0.000000,0.000000,0.000000,1.000000

0.060815,-0.013294,-0.134042,0.073144
0.012062,0.147017,-0.009108,0.028278
0.134158,-0.007192,0.061581,0.719991
0.000000,0.000000,0.000000,1.000000

0.062044,-0.013307,-0.133476,0.073825
0.012037,0.147022,-0.009063,0.028250
0.133597,-0.007067,0.062804,0.719747
0.000000,0.000000,0.000000,1.000000

0.063267,-0.013319,-0.132900,0.074499
0.012012,0.147027,-0.009017,0.028222
0.133024,-0.006942,0.064022,0.719452
0.000000,0.000000,0.000000,1.000000

0.064485,-0.013330,-0.132312,0.075168
0.011986,0.147032,-0.008971,0.028194
0.132441,-0.006817,0.065234,0.719107
0.000000,0.000000,0.000000,1.000000

0.065697,-0.013339,-0.131713,0.075830
0.011961,0.147037,-0.008925,0.028166
0.131846,-0.006692,0.066441,0.718712
0.000000,0.000000,0.000000,1.000000

0.066904,-0.013348,-0.131104,0.076485
0.011936,0.147041,-0.008880,0.028138
0.131240,-0.006568,0.067642,0.718266
0.000000,0.000000,0.000000,1.000000

0.068105,-0.013355,-0.130483,0.077134
0.011910,0.147046,-0.008834,0.028110
0.130623,-0.006444,0.068838,0.717768
0.000000,0.000000,0.000000,1.000000

0.069301,-0.013362,-0.129851,0.077777
0.011885,0.147051,-0.008789,0.028082
0.129995,-0.006321,0.070028,0.717220
0.000000,0.000000,0.000000,1.000000

0.070490,-0.013367,-0.129209,0.078413
0.011859,0.147056,-0.008743,0.028054
0.129356,-0.006198,0.071212,0.716620
0.000000,0.000000,0.000000,1.000000

0.071674,-0.013371,-0.128556,0.079042
0.011833,0.147061,-0.008698,0.028026
0.128706,-0.006075,0.072390,0.715969
0.000000,0.000000,0.000000,1.000000

0.072851,-0.013374,-0.127892,0.079665
0.011807,0.147065,-0.008653,0.027998
0.128046,-0.005952,0.073562,0.715266
0.000000,0.000000,0.000000,1.000000

0.074023,-0.013375,-0.127217,0.080281
0.011782,0.147070,-0.008607,0.027969
0.127375,-0.005830,0.074727,0.714512
0.000000,0.000000,0.000000,1.000000

0.075188,-0.013376,-0.126532,0.080891
0.011756,0.147075,-0.008562,0.027941
0.126693,-0.005709,0.075887,0.713707
0.000000,0.000000,0.000000,1.000000

0.076347,-0.013376,-0.125836,0.081493
0.011730,0.147079,-0.008517,0.027913
0.126000,-0.005587,0.077041,0.712851
0.000000,0.000000,0.000000,1.000000

0.077500,-0.013374,-0.125130,0.082089
0.011704,0.147084,-0.008472,0.027884
0.125297,-0.005467,0.078188,0.711944
0.000000,0.000000,0.000000,1.000000

0.078646,-0.013371,-0.124413,0.082678
0.011678,0.147089,-0.008427,0.027856
0.124583,-0.005346,0.079328,0.710986
0.000000,0.000000,0.000000,1.000000

0.079786,-0.013368,-0.123685,0.083260
0.011651,0.147093,-0.008382,0.027827
0.123859,-0.005226,0.080463,0.709978
0.000000,0.000000,0.000000,1.000000

0.080919,-0.013363,-0.122947,0.083836
0.011625,0.147098,-0.008336,0.027799
0.123124,-0.005106,0.081590,0.708919
0.000000,0.000000,0.000000,1.000000

0.082045,-0.013357,-0.122199,0.084404
0.011599,0.147103,-0.008291,0.027770
0.122379,-0.004987,0.082711,0.707811
0.000000,0.000000,0.000000,1.000000

0.083165,-0.013349,-0.121441,0.084965
0.011572,0.147107,-0.008246,0.027742
0.121623,-0.004869,0.083825,0.706653
0.000000,0.000000,0.000000,1.000000

0.084278,-0.013341,-0.120672,0.085519
0.011545,0.147112,-0.008201,0.027713
0.120857,-0.004750,0.084932,0.705445
0.000000,0.000000,0.000000,1.000000

0.085384,-0.013332,-0.119893,0.086067
0.011519,0.147117,-0.008156,0.027684
0.120081,-0.004632,0.086033,0.704189
0.000000,0.000000,0.000000,1.000000

0.086483,-0.013321,-0.119104,0.086607
0.011492,0.147121,-0.008110,0.027655
0.119294,-0.004515,0.087126,0.702885
0.000000,0.000000,0.000000,1.000000

0.087575,-0.013310,-0.118305,0.087139
0.011465,0.147126,-0.008065,0.027626
0.118498,-0.004398,0.088213,0.701533
0.000000,0.000000,0.000000,1.000000

0.088660,-0.013297,-0.117495,0.087665
0.011438,0.147130,-0.008020,0.027597
0.117691,-0.004282,0.089292,0.700134
0.000000,0.000000,0.000000,1.000000

0.089737,-0.013283,-0.116676,0.088183
0.011410,0.147135,-0.007975,0.027568
0.116874,-0.004166,0.090364,0.698688
0.000000,0.000000,0.000000,1.000000

0.090808,-0.013268,-0.115846,0.088695
0.011383,0.147140,-0.007929,0.027538
0.116047,-0.004050,0.091429,0.697196
0.000000,0.000000,0.000000,1.000000

0.091871,-0.013252,-0.115007,0.089198
0.011355,0.147144,-0.007884,0.027509
0.115210,-0.003935,0.092486,0.695658
0.000000,0.000000,0.000000,1.000000

0.092926,-0.013235,-0.114158,0.089695
0.011327,0.147149,-0.007839,0.027479
0.114363,-0.003821,0.093536,0.694076
0.000000,0.000000,0.000000,1.000000

0.093974,-0.013216,-0.113299,0.090184
0.011299,0.147153,-0.007793,0.027450
0.113506,-0.003707,0.094579,0.692450
0.000000,0.000000,0.000000,1.000000

0.095015,-0.013197,-0.112430,0.090666
0.011271,0.147158,-0.007748,0.027420
0.112639,-0.003594,0.095614,0.690780
0.000000,0.000000,0.000000,1.000000

0.096048,-0.013176,-0.111551,0.091140
0.011243,0.147162,-0.007702,0.027390
0.111763,-0.003481,0.096641,0.689067
0.000000,0.000000,0.000000,1.000000

0.097073,-0.013154,-0.110663,0.091607
0.011214,0.147167,-0.007656,0.027359
0.110876,-0.003368,0.097661,0.687312
0.000000,0.000000,0.000000,1.000000

0.098091,-0.013132,-0.109764,0.092066
0.011186,0.147172,-0.007611,0.027329
0.109980,-0.003256,0.098673,0.685516
0.000000,0.000000,0.000000,1.000000

0.099101,-0.013108,-0.108856,0.092518
0.011157,0.147176,-0.007565,0.027299
0.109073,-0.003145,0.099677,0.683680
0.000000,0.000000,0.000000,1.000000

0.100103,-0.013083,-0.107939,0.092962
0.011127,0.147181,-0.007519,0.027268
0.108158,-0.003034,0.100674,0.681804
0.000000,0.000000,0.000000,1.000000

0.101097,-0.013056,-0.107011,0.093398
0.011098,0.147185,-0.007474,0.027237
0.107232,-0.002923,0.101662,0.679889
0.000000,0.000000,0.000000,1.000000

0.102083,-0.013029,-0.106074,0.093827
0.011068,0.147190,-0.007428,0.027206
0.106297,-0.002813,0.102643,0.677936
0.000000,0.000000,0.000000,1.000000

0.103062,-0.013001,-0.105127,0.094248
0.011038,0.147194,-0.007382,0.027175
0.105352,-0.002704,0.103616,0.675946
0.000000,0.000000,0.000000,1.000000

0.104032,-0.012971,-0.104171,0.094662
0.011008,0.147199,-0.007336,0.027143
0.104397,-0.002595,0.104580,0.673919
0.000000,0.000000,0.000000,1.000000

0.104994,-0.012940,-0.103205,0.095068
0.010977,0.147203,-0.007290,0.027112
0.103432,-0.002486,0.105537,0.671857
0.000000,0.000000,0.000000,1.000000

0.105948,-0.012909,-0.102229,0.095466
0.010946,0.147208,-0.007244,0.027080
0.102458,-0.002379,0.106486,0.669760
0.000000,0.000000,0.000000,1.000000

0.106894,-0.012876,-0.101244,0.095856
0.010915,0.147213,-0.007198,0.027048
0.101474,-0.002271,0.107426,0.667629
0.000000,0.000000,0.000000,1.000000

0.107831,-0.012842,-0.100250,0.096238
0.010883,0.147217,-0.007152,0.027015
0.100481,-0.002164,0.108357,0.665465
0.000000,0.000000,0.000000,1.000000

0.108760,-0.012806,-0.099245,0.096613
0.010851,0.147222,-0.007105,0.026983
0.099478,-0.002058,0.109281,0.663269
0.000000,0.000000,0.000000,1.000000

0.109681,-0.012770,-0.098232,0.096979
0.010819,0.147226,-0.007059,0.026950
0.098466,-0.001952,0.110196,0.661042
0.000000,0.000000,0.000000,1.000000

0.110594,-0.012732,-0.097208,0.097338
0.010786,0.147231,-0.007013,0.026917
0.097443,-0.001847,0.111103,0.658784
0.000000,0.000000,0.000000,1.000000

0.111498,-0.012694,-0.096175,0.097689
0.010753,0.147236,-0.006966,0.026884
0.096411,-0.001742,0.112001,0.656496
0.000000,0.000000,0.000000,1.000000

0.112393,-0.012654,-0.095132,0.098031
0.010720,0.147240,-0.006920,0.026850
0.095370,-0.001638,0.112891,0.654180
0.000000,0.000000,0.000000,1.000000

0.113280,-0.012613,-0.094080,0.098366
0.010686,0.147245,-0.006874,0.026816
0.094318,-0.001534,0.113773,0.651836
0.000000,0.000000,0.000000,1.000000

0.114158,-0.012571,-0.093018,0.098693
0.010652,0.147250,-0.006827,0.026782
0.093257,-0.001431,0.114645,0.649465
0.000000,0.000000,0.000000,1.000000

0.115028,-0.012528,-0.091947,0.099011
0.010617,0.147254,-0.006781,0.026748
0.092187,-0.001328,0.115509,0.647068
0.000000,0.000000,0.000000,1.000000

0.115888,-0.012483,-0.090866,0.099321
0.010582,0.147259,-0.006734,0.026713
0.091107,-0.001226,0.116364,0.644646
0.000000,0.000000,0.000000,1.000000

0.116740,-0.012438,-0.089775,0.099623
0.010547,0.147263,-0.006688,0.026678
0.090017,-0.001124,0.117210,0.642199
0.000000,0.000000,0.000000,1.000000

0.117583,-0.012391,-0.088675,0.099917
0.010511,0.147268,-0.006641,0.026642
0.088917,-0.001023,0.118047,0.639729
0.000000,0.000000,0.000000,1.000000

0.118417,-0.012343,-0.087565,0.100202
0.010475,0.147273,-0.006595,0.026607
0.087808,-0.000922,0.118876,0.637236
0.000000,0.000000,0.000000,1.000000

0.119242,-0.012294,-0.086445,0.100479
0.010438,0.147278,-0.006548,0.026571
0.086689,-0.000822,0.119695,0.634721
0.000000,0.000000,0.000000,1.000000

0.120057,-0.012244,-0.085316,0.100747
0.010400,0.147282,-0.006501,0.026534
0.085560,-0.000722,0.120505,0.632185
0.000000,0.000000,0.000000,1.000000

0.120864,-0.012192,-0.084177,0.101007
0.010362,0.147287,-0.006455,0.026498
0.084422,-0.000623,0.121306,0.629629
0.000000,0.000000,0.000000,1.000000

0.121661,-0.012140,-0.083028,0.101259
0.010324,0.147292,-0.006408,0.026461
0.083273,-0.000525,0.122097,0.627054
0.000000,0.000000,0.000000,1.000000

0.122449,-0.012086,-0.081869,0.101502
0.010285,0.147296,-0.006362,0.026423
0.082115,-0.000426,0.122880,0.624460
0.000000,0.000000,0.000000,1.000000

0.123228,-0.012031,-0.080701,0.101736
0.010245,0.147301,-0.006315,0.026386
0.080947,-0.000329,0.123653,0.621848
0.000000,0.000000,0.000000,1.000000

0.123997,-0.011975,-0.079523,0.101961
0.010205,0.147306,-0.006269,0.026347
0.079769,-0.000232,0.124416,0.619219
0.000000,0.000000,0.000000,1.000000

0.124756,-0.011917,-0.078335,0.102178
0.010165,0.147311,-0.006222,0.026309
0.078581,-0.000135,0.125170,0.616575
0.000000,0.000000,0.000000,1.000000

0.125506,-0.011858,-0.077137,0.102386
0.010123,0.147316,-0.006176,0.026270
0.077384,-0.000039,0.125914,0.613915
0.000000,0.000000,0.000000,1.000000

0.126246,-0.011799,-0.075929,0.102585
0.010081,0.147320,-0.006130,0.026231
0.076176,0.000057,0.126648,0.611240
0.000000,0.000000,0.000000,1.000000

0.126976,-0.011737,-0.074712,0.102775
0.010039,0.147325,-0.006083,0.026191
0.074959,0.000152,0.127372,0.608552
0.000000,0.000000,0.000000,1.000000

0.127696,-0.011675,-0.073484,0.102956
0.009996,0.147330,-0.006037,0.026151
0.073731,0.000246,0.128086,0.605852
0.000000,0.000000,0.000000,1.000000

0.128406,-0.011611,-0.072247,0.103127
0.009952,0.147335,-0.005991,0.026111
0.072494,0.000340,0.128790,0.603139
0.000000,0.000000,0.000000,1.000000

0.129105,-0.011547,-0.071000,0.103290
0.009908,0.147340,-0.005945,0.026070
0.071247,0.000434,0.129484,0.600415
0.000000,0.000000,0.000000,1.000000

0.129795,-0.011480,-0.069743,0.103443
0.009863,0.147345,-0.005899,0.026029
0.069990,0.000527,0.130168,0.597680
0.000000,0.000000,0.000000,1.000000

0.130473,-0.011413,-0.068476,0.103587
0.009817,0.147349,-0.005854,0.025987
0.068723,0.000619,0.130841,0.594936
0.000000,0.000000,0.000000,1.000000

0.131142,-0.011344,-0.067198,0.103721
0.009771,0.147354,-0.005808,0.025945
0.067445,0.000711,0.131503,0.592182
0.000000,0.000000,0.000000,1.000000

0.131799,-0.011274,-0.065911,0.103846
0.009724,0.147359,-0.005763,0.025902
0.066158,0.000802,0.132155,0.589420
0.000000,0.000000,0.000000,1.000000

0.132446,-0.011203,-0.064614,0.103961
0.009676,0.147364,-0.005717,0.025859
0.064861,0.000893,0.132796,0.586651
0.000000,0.000000,0.000000,1.000000

0.133082,-0.011131,-0.063307,0.104066
0.009627,0.147369,-0.005672,0.025816
0.063553,0.000984,0.133426,0.583875
0.000000,0.000000,0.000000,1.000000

0.133707,-0.011057,-0.061990,0.104162
0.009578,0.147374,-0.005627,0.025772
0.062236,0.001073,0.134045,0.581093
0.000000,0.000000,0.000000,1.000000

0.134320,-0.010982,-0.060663,0.104247
0.009528,0.147379,-0.005583,0.025728
0.060908,0.001163,0.134653,0.578306
0.000000,0.000000,0.000000,1.000000

0.134922,-0.010905,-0.059326,0.104323
0.009478,0.147384,-0.005538,0.025683
0.059570,0.001251,0.135249,0.575514
0.000000,0.000000,0.000000,1.000000

0.135513,-0.010828,-0.057978,0.104388
0.009426,0.147389,-0.005494,0.025638
0.058223,0.001339,0.135834,0.572718
0.000000,0.000000,0.000000,1.000000

0.136092,-0.010749,-0.056621,0.104444
0.009374,0.147394,-0.005450,0.025592
0.056865,0.001427,0.136407,0.569919
0.000000,0.000000,0.000000,1.000000

0.136659,-0.010668,-0.055254,0.104489
0.009321,0.147399,-0.005406,0.025546
0.055497,0.001514,0.136968,0.567118
0.000000,0.000000,0.000000,1.000000

0.137214,-0.010586,-0.053877,0.104523
0.009267,0.147404,-0.005363,0.025500
0.054119,0.001600,0.137517,0.564316
0.000000,0.000000,0.000000,1.000000

0.137757,-0.010503,-0.052489,0.104547
0.009212,0.147409,-0.005319,0.025453
0.052731,0.001686,0.138055,0.561512
0.000000,0.000000,0.000000,1.000000

0.138288,-0.010419,-0.051092,0.104560
0.009157,0.147414,-0.005277,0.025405
0.051333,0.001772,0.138579,0.558708
0.000000,0.000000,0.000000,1.000000

0.138806,-0.010333,-0.049685,0.104563
0.009101,0.147419,-0.005234,0.025357
0.049925,0.001856,0.139092,0.555905
0.000000,0.000000,0.000000,1.000000

0.139312,-0.010246,-0.048268,0.104555
0.009044,0.147424,-0.005192,0.025309
0.048507,0.001940,0.139591,0.553103
0.000000,0.000000,0.000000,1.000000

0.139804,-0.010158,-0.046841,0.104536
0.008986,0.147429,-0.005150,0.025260
0.047080,0.002024,0.140078,0.550303
0.000000,0.000000,0.000000,1.000000

0.140284,-0.010068,-0.045404,0.104506
0.008927,0.147434,-0.005109,0.025211
0.045642,0.002107,0.140552,0.547506
0.000000,0.000000,0.000000,1.000000

0.140751,-0.009976,-0.043957,0.104464
0.008868,0.147439,-0.005068,0.025161
0.044194,0.002189,0.141013,0.544712
0.000000,0.000000,0.000000,1.000000

0.141204,-0.009884,-0.042501,0.104411
0.008807,0.147444,-0.005027,0.025111
0.042737,0.002271,0.141460,0.541922
0.000000,0.000000,0.000000,1.000000

0.141643,-0.009790,-0.041035,0.104347
0.008746,0.147449,-0.004987,0.025060
0.041270,0.002352,0.141893,0.539137
0.000000,0.000000,0.000000,1.000000

0.142069,-0.009694,-0.039559,0.104272
0.008684,0.147454,-0.004948,0.025009
0.039793,0.002432,0.142313,0.536358
0.000000,0.000000,0.000000,1.000000

0.142481,-0.009597,-0.038074,0.104184
0.008621,0.147459,-0.004909,0.024958
0.038307,0.002512,0.142719,0.533585
0.000000,0.000000,0.000000,1.000000

0.142878,-0.009499,-0.036579,0.104085
0.008557,0.147464,-0.004870,0.024906
0.036811,0.002591,0.143111,0.530818
0.000000,0.000000,0.000000,1.000000

0.143262,-0.009399,-0.035075,0.103975
0.008492,0.147469,-0.004833,0.024853
0.035305,0.002669,0.143488,0.528059
0.000000,0.000000,0.000000,1.000000

0.143630,-0.009298,-0.033561,0.103852
0.008427,0.147474,-0.004795,0.024800
0.033790,0.002747,0.143851,0.525309
0.000000,0.000000,0.000000,1.000000

0.143984,-0.009196,-0.032038,0.103717
0.008360,0.147479,-0.004758,0.024747
0.032266,0.002824,0.144199,0.522567
0.000000,0.000000,0.000000,1.000000

0.144323,-0.009092,-0.030505,0.103570
0.008293,0.147484,-0.004722,0.024693
0.030732,0.002900,0.144532,0.519835
0.000000,0.000000,0.000000,1.000000

0.144647,-0.008987,-0.028964,0.103410
0.008225,0.147489,-0.004687,0.024639
0.029189,0.002975,0.144850,0.517114
0.000000,0.000000,0.000000,1.000000

0.144956,-0.008880,-0.027413,0.103238
0.008156,0.147494,-0.004652,0.024584
0.027638,0.003050,0.145153,0.514403
0.000000,0.000000,0.000000,1.000000

0.145248,-0.008772,-0.025854,0.103053
0.008086,0.147498,-0.004618,0.024529
0.026077,0.003124,0.145440,0.511704
0.000000,0.000000,0.000000,1.000000

0.145525,-0.008662,-0.024286,0.102856
0.008015,0.147503,-0.004585,0.024474
0.024507,0.003197,0.145711,0.509018
0.000000,0.000000,0.000000,1.000000

0.145786,-0.008551,-0.022709,0.102646
0.007943,0.147508,-0.004552,0.024418
0.022929,0.003270,0.145966,0.506345
0.000000,0.000000,0.000000,1.000000

0.146031,-0.008439,-0.021124,0.102423
0.007871,0.147513,-0.004520,0.024362
0.021342,0.003342,0.146205,0.503685
0.000000,0.000000,0.000000,1.000000

0.146259,-0.008325,-0.019530,0.102187
0.007797,0.147518,-0.004489,0.024305
0.019747,0.003413,0.146427,0.501041
0.000000,0.000000,0.000000,1.000000

0.146471,-0.008210,-0.017928,0.101938
0.007723,0.147523,-0.004459,0.024248
0.018143,0.003483,0.146633,0.498411
0.000000,0.000000,0.000000,1.000000

0.146665,-0.008093,-0.016319,0.101676
0.007648,0.147528,-0.004430,0.024191
0.016532,0.003552,0.146822,0.495798
0.000000,0.000000,0.000000,1.000000

0.146843,-0.007975,-0.014701,0.101400
0.007572,0.147532,-0.004402,0.024134
0.014913,0.003620,0.146993,0.493201
0.000000,0.000000,0.000000,1.000000

0.147003,-0.007856,-0.013076,0.101111
0.007495,0.147537,-0.004374,0.024076
0.013286,0.003688,0.147147,0.490622
0.000000,0.000000,0.000000,1.000000

0.147145,-0.007735,-0.011443,0.100809
0.007417,0.147542,-0.004348,0.024017
0.011651,0.003755,0.147284,0.488061
0.000000,0.000000,0.000000,1.000000

0.147270,-0.007612,-0.009803,0.100493
0.007339,0.147546,-0.004323,0.023959
0.010009,0.003821,0.147403,0.485518
0.000000,0.000000,0.000000,1.000000

0.147377,-0.007489,-0.008155,0.100163
0.007260,0.147551,-0.004298,0.023900
0.008360,0.003885,0.147504,0.482995
0.000000,0.000000,0.000000,1.000000

0.147465,-0.007364,-0.006501,0.099819
0.007180,0.147556,-0.004275,0.023841
0.006704,0.003949,0.147587,0.480491
0.000000,0.000000,0.000000,1.000000

0.147535,-0.007237,-0.004840,0.099461
0.007099,0.147560,-0.004252,0.023781
0.005041,0.004013,0.147652,0.478009
0.000000,0.000000,0.000000,1.000000

0.147587,-0.007109,-0.003173,0.099090
0.007017,0.147565,-0.004231,0.023722
0.003372,0.004075,0.147697,0.475548
0.000000,0.000000,0.000000,1.000000

0.147620,-0.006980,-0.001499,0.098704
0.006935,0.147569,-0.004211,0.023662
0.001696,0.004136,0.147724,0.473109
0.000000,0.000000,0.000000,1.000000

0.147633,-0.006850,0.000180,0.098304
0.006852,0.147574,-0.004192,0.023602
0.000014,0.004196,0.147732,0.470693
0.000000,0.000000,0.000000,1.000000

0.147628,-0.006718,0.001865,0.097890
0.006768,0.147578,-0.004174,0.023542
-0.001673,0.004255,0.147721,0.468300
0.000000,0.000000,0.000000,1.000000

0.147602,-0.006585,0.003556,0.097462
0.006684,0.147582,-0.004158,0.023481
-0.003365,0.004313,0.147691,0.465932
0.000000,0.000000,0.000000,1.000000

0.147558,-0.006450,0.005251,0.097020
0.006599,0.147587,-0.004143,0.023421
-0.005063,0.004370,0.147641,0.463589
0.000000,0.000000,0.000000,1.000000

0.147493,-0.006315,0.006952,0.096563
0.006513,0.147591,-0.004129,0.023360
-0.006766,0.004427,0.147571,0.461272
0.000000,0.000000,0.000000,1.000000

0.147409,-0.006177,0.008657,0.096091
0.006427,0.147595,-0.004116,0.023300
-0.008473,0.004482,0.147481,0.458980
0.000000,0.000000,0.000000,1.000000

0.147304,-0.006039,0.010366,0.095605
0.006340,0.147599,-0.004104,0.023239
-0.010185,0.004535,0.147371,0.456716
0.000000,0.000000,0.000000,1.000000

0.147179,-0.005900,0.012080,0.095105
0.006253,0.147603,-0.004094,0.023178
-0.011901,0.004588,0.147241,0.454479
0.000000,0.000000,0.000000,1.000000

0.147034,-0.005759,0.013797,0.094590
0.006164,0.147607,-0.004086,0.023117
-0.013620,0.004640,0.147090,0.452270
0.000000,0.000000,0.000000,1.000000

0.146868,-0.005617,0.015517,0.094061
0.006076,0.147611,-0.004078,0.023056
-0.015343,0.004691,0.146919,0.450090
0.000000,0.000000,0.000000,1.000000

0.146681,-0.005473,0.017241,0.093517
0.005987,0.147615,-0.004072,0.022995
-0.017069,0.004740,0.146727,0.447940
0.000000,0.000000,0.000000,1.000000

0.146473,-0.005329,0.018966,0.092958
0.005897,0.147618,-0.004068,0.022935
-0.018797,0.004788,0.146514,0.445820
0.000000,0.000000,0.000000,1.000000

0.146244,-0.005183,0.020694,0.092385
0.005807,0.147622,-0.004065,0.022874
-0.020528,0.004835,0.146280,0.443731
0.000000,0.000000,0.000000,1.000000

0.145994,-0.005037,0.022424,0.091797
0.005717,0.147626,-0.004063,0.022813
-0.022260,0.004881,0.146024,0.441674
0.000000,0.000000,0.000000,1.000000

0.145723,-0.004889,0.024156,0.091195
0.005626,0.147629,-0.004063,0.022753
-0.023995,0.004926,0.145748,0.439648
0.000000,0.000000,0.000000,1.000000

0.145430,-0.004740,0.025888,0.090578
0.005535,0.147632,-0.004065,0.022692
-0.025730,0.004969,0.145450,0.437656
0.000000,0.000000,0.000000,1.000000

0.145115,-0.004590,0.027622,0.089947
0.005444,0.147636,-0.004068,0.022632
-0.027466,0.005012,0.145131,0.435696
0.000000,0.000000,0.000000,1.000000

0.144779,-0.004439,0.029356,0.089301
0.005352,0.147639,-0.004072,0.022572
-0.029203,0.005053,0.144790,0.433771
0.000000,0.000000,0.000000,1.000000

0.144421,-0.004287,0.031089,0.088640
0.005260,0.147642,-0.004079,0.022512
-0.030939,0.005092,0.144428,0.431880
0.000000,0.000000,0.000000,1.000000

0.144042,-0.004134,0.032823,0.087965
0.005168,0.147645,-0.004086,0.022453
-0.032676,0.005131,0.144043,0.430025
0.000000,0.000000,0.000000,1.000000

0.143641,-0.003980,0.034555,0.087276
0.005076,0.147648,-0.004096,0.022394
-0.034411,0.005168,0.143637,0.428205
0.000000,0.000000,0.000000,1.000000

0.143217,-0.003825,0.036286,0.086573
0.004984,0.147651,-0.004107,0.022335
-0.036145,0.005203,0.143209,0.426422
0.000000,0.000000,0.000000,1.000000

0.142772,-0.003669,0.038016,0.085855
0.004892,0.147654,-0.004119,0.022276
-0.037878,0.005238,0.142760,0.424676
0.000000,0.000000,0.000000,1.000000

0.142305,-0.003513,0.039743,0.085124
0.004799,0.147656,-0.004134,0.022218
-0.039608,0.005271,0.142288,0.422967
0.000000,0.000000,0.000000,1.000000

0.141816,-0.003355,0.041468,0.084378
0.004707,0.147659,-0.004150,0.022160
-0.041336,0.005302,0.141795,0.421296
0.000000,0.000000,0.000000,1.000000

0.141304,-0.003197,0.043190,0.083618
0.004615,0.147661,-0.004167,0.022103
-0.043061,0.005333,0.141279,0.419664
0.000000,0.000000,0.000000,1.000000

0.140771,-0.003038,0.044908,0.082844
0.004522,0.147664,-0.004186,0.022046
-0.044783,0.005362,0.140742,0.418071
0.000000,0.000000,0.000000,1.000000

0.140216,-0.002878,0.046623,0.082057
0.004430,0.147666,-0.004207,0.021990
-0.046501,0.005389,0.140182,0.416518
0.000000,0.000000,0.000000,1.000000

0.139639,-0.002718,0.048333,0.081256
0.004338,0.147668,-0.004230,0.021934
-0.048215,0.005415,0.139601,0.415005
0.000000,0.000000,0.000000,1.000000

0.139040,-0.002557,0.050039,0.080442
0.004247,0.147670,-0.004254,0.021879
-0.049924,0.005440,0.138998,0.413532
0.000000,0.000000,0.000000,1.000000

0.138419,-0.002395,0.051739,0.079615
0.004155,0.147672,-0.004280,0.021824
-0.051628,0.005463,0.138374,0.412100
0.000000,0.000000,0.000000,1.000000

0.137776,-0.002233,0.053434,0.078774
0.004064,0.147673,-0.004307,0.021770
-0.053326,0.005485,0.137727,0.410710
0.000000,0.000000,0.000000,1.000000

0.137112,-0.002070,0.055123,0.077920
0.003973,0.147675,-0.004337,0.021717
-0.055018,0.005505,0.137059,0.409362
0.000000,0.000000,0.000000,1.000000

0.136426,-0.001907,0.056805,0.077054
0.003883,0.147676,-0.004368,0.021664
-0.056704,0.005524,0.136369,0.408056
0.000000,0.000000,0.000000,1.000000

0.135718,-0.001743,0.058480,0.076175
0.003793,0.147678,-0.004400,0.021612
-0.058383,0.005542,0.135658,0.406793
0.000000,0.000000,0.000000,1.000000

0.134990,-0.001579,0.060148,0.075283
0.003704,0.147679,-0.004434,0.021561
-0.060055,0.005557,0.134926,0.405573
0.000000,0.000000,0.000000,1.000000

0.134240,-0.001415,0.061808,0.074379
0.003615,0.147680,-0.004470,0.021510
-0.061719,0.005572,0.134173,0.404397
0.000000,0.000000,0.000000,1.000000

0.133468,-0.001250,0.063460,0.073463
0.003526,0.147681,-0.004508,0.021461
-0.063374,0.005585,0.133398,0.403265
0.000000,0.000000,0.000000,1.000000

0.132676,-0.001085,0.065103,0.072536
0.003439,0.147682,-0.004547,0.021412
-0.065021,0.005596,0.132603,0.402177
0.000000,0.000000,0.000000,1.000000

0.131863,-0.000919,0.066737,0.071596
0.003351,0.147683,-0.004587,0.021363
-0.066659,0.005606,0.131787,0.401133
0.000000,0.000000,0.000000,1.000000

0.131030,-0.000754,0.068361,0.070646
0.003265,0.147683,-0.004630,0.021316
-0.068287,0.005615,0.130950,0.400135
0.000000,0.000000,0.000000,1.000000

0.130175,-0.000588,0.069975,0.069684
0.003179,0.147684,-0.004673,0.021270
-0.069905,0.005622,0.130093,0.399181
0.000000,0.000000,0.000000,1.000000

0.129301,-0.000422,0.071579,0.068711
0.003095,0.147684,-0.004719,0.021224
-0.071513,0.005627,0.129216,0.398273
0.000000,0.000000,0.000000,1.000000

0.128407,-0.000256,0.073172,0.067727
0.003010,0.147685,-0.004766,0.021180
-0.073110,0.005631,0.128319,0.397411
0.000000,0.000000,0.000000,1.000000

0.127493,-0.000090,0.074753,0.066734
0.002927,0.147685,-0.004814,0.021136
-0.074696,0.005634,0.127402,0.396594
0.000000,0.000000,0.000000,1.000000

0.126559,0.000076,0.076323,0.065729
0.002845,0.147685,-0.004864,0.021093
-0.076270,0.005634,0.126466,0.395824
0.000000,0.000000,0.000000,1.000000

0.125607,0.000242,0.077881,0.064715
0.002764,0.147684,-0.004915,0.021052
-0.077832,0.005634,0.125511,0.395100
0.000000,0.000000,0.000000,1.000000

0.124635,0.000408,0.079426,0.063692
0.002683,0.147684,-0.004968,0.021011
-0.079382,0.005632,0.124536,0.394422
0.000000,0.000000,0.000000,1.000000

0.123644,0.000573,0.080959,0.062659
0.002604,0.147684,-0.005022,0.020971
-0.080919,0.005628,0.123543,0.393791
0.000000,0.000000,0.000000,1.000000

0.122635,0.000739,0.082478,0.061617
0.002525,0.147683,-0.005078,0.020933
-0.082443,0.005623,0.122532,0.393207
0.000000,0.000000,0.000000,1.000000

0.121607,0.000904,0.083984,0.060566
0.002448,0.147683,-0.005135,0.020895
-0.083953,0.005616,0.121502,0.392670
0.000000,0.000000,0.000000,1.000000

0.120562,0.001069,0.085476,0.059506
0.002372,0.147682,-0.005193,0.020859
-0.085449,0.005608,0.120455,0.392179
0.000000,0.000000,0.000000,1.000000

0.119499,0.001234,0.086953,0.058439
0.002297,0.147681,-0.005253,0.020823
-0.086932,0.005599,0.119390,0.391735
0.000000,0.000000,0.000000,1.000000

0.118419,0.001398,0.088416,0.057363
0.002223,0.147680,-0.005313,0.020789
-0.088399,0.005587,0.118308,0.391339
0.000000,0.000000,0.000000,1.000000

0.117322,0.001563,0.089864,0.056280
0.002151,0.147679,-0.005375,0.020755
-0.089852,0.005575,0.117209,0.390989
0.000000,0.000000,0.000000,1.000000

0.116208,0.001726,0.091297,0.055189
0.002079,0.147677,-0.005439,0.020723
-0.091289,0.005561,0.116094,0.390687
0.000000,0.000000,0.000000,1.000000

0.115078,0.001889,0.092714,0.054091
0.002009,0.147676,-0.005503,0.020692
-0.092711,0.005545,0.114962,0.390431
0.000000,0.000000,0.000000,1.000000

0.113933,0.002052,0.094115,0.052987
0.001940,0.147674,-0.005568,0.020662
-0.094117,0.005528,0.113815,0.390222
0.000000,0.000000,0.000000,1.000000

0.112771,0.002214,0.095500,0.051876
0.001872,0.147673,-0.005635,0.020634
-0.095507,0.005510,0.112652,0.390060
0.000000,0.000000,0.000000,1.000000

0.111594,0.002376,0.096869,0.050759
0.001806,0.147671,-0.005703,0.020606
-0.096881,0.005490,0.111474,0.389945
0.000000,0.000000,0.000000,1.000000

0.110403,0.002537,0.098221,0.049636
0.001741,0.147669,-0.005771,0.020579
-0.098238,0.005468,0.110281,0.389877
0.000000,0.000000,0.000000,1.000000

0.109196,0.002697,0.099556,0.048507
0.001678,0.147667,-0.005841,0.020554
-0.099578,0.005446,0.109074,0.389855
0.000000,0.000000,0.000000,1.000000

0.107976,0.002857,0.100874,0.047373
0.001616,0.147665,-0.005911,0.020530
-0.100901,0.005421,0.107852,0.389879
0.000000,0.000000,0.000000,1.000000

0.106742,0.003016,0.102174,0.046235
0.001555,0.147663,-0.005983,0.020507
-0.102207,0.005396,0.106617,0.389950
0.000000,0.000000,0.000000,1.000000

0.105495,0.003174,0.103457,0.045091
0.001495,0.147660,-0.006055,0.020485
-0.103495,0.005369,0.105369,0.390067
0.000000,0.000000,0.000000,1.000000

0.104234,0.003331,0.104722,0.043944
0.001437,0.147658,-0.006128,0.020464
-0.104765,0.005340,0.104107,0.390229
0.000000,0.000000,0.000000,1.000000

0.102961,0.003488,0.105969,0.042792
0.001381,0.147655,-0.006202,0.020445
-0.106017,0.005311,0.102833,0.390437
0.000000,0.000000,0.000000,1.000000

0.101676,0.003643,0.107197,0.041637
0.001326,0.147653,-0.006276,0.020426
-0.107251,0.005279,0.101547,0.390690
0.000000,0.000000,0.000000,1.000000

0.100379,0.003798,0.108408,0.040478
0.001272,0.147650,-0.006351,0.020409
-0.108467,0.005247,0.100249,0.390989
0.000000,0.000000,0.000000,1.000000

0.099070,0.003952,0.109600,0.039316
0.001220,0.147647,-0.006427,0.020393
-0.109664,0.005213,0.098940,0.391332
0.000000,0.000000,0.000000,1.000000

0.097750,0.004105,0.110773,0.038151
0.001169,0.147644,-0.006504,0.020378
-0.110843,0.005178,0.097620,0.391720
0.000000,0.000000,0.000000,1.000000

0.096419,0.004257,0.111927,0.036984
0.001120,0.147641,-0.006581,0.020364
-0.112003,0.005142,0.096289,0.392151
0.000000,0.000000,0.000000,1.000000

0.095078,0.004408,0.113063,0.035814
0.001073,0.147638,-0.006658,0.020351
-0.113143,0.005104,0.094947,0.392627
0.000000,0.000000,0.000000,1.000000

0.093728,0.004558,0.114179,0.034642
0.001026,0.147635,-0.006736,0.020339
-0.114265,0.005065,0.093596,0.393146
0.000000,0.000000,0.000000,1.000000

0.092367,0.004707,0.115276,0.033469
0.000982,0.147632,-0.006815,0.020328
-0.115368,0.005025,0.092236,0.393708
0.000000,0.000000,0.000000,1.000000

0.090998,0.004855,0.116354,0.032294
0.000938,0.147628,-0.006894,0.020319
-0.116452,0.004983,0.090866,0.394313
0.000000,0.000000,0.000000,1.000000

0.089619,0.005002,0.117413,0.031118
0.000896,0.147625,-0.006973,0.020311
-0.117516,0.004941,0.089488,0.394959
0.000000,0.000000,0.000000,1.000000

0.088233,0.005147,0.118453,0.029942
0.000856,0.147621,-0.007053,0.020303
-0.118561,0.004897,0.088101,0.395648
0.000000,0.000000,0.000000,1.000000

0.086838,0.005292,0.119473,0.028764
0.000817,0.147618,-0.007133,0.020297
-0.119587,0.004852,0.086706,0.396378
0.000000,0.000000,0.000000,1.000000

0.085435,0.005435,0.120473,0.027586
0.000780,0.147614,-0.007213,0.020292
-0.120593,0.004805,0.085303,0.397149
0.000000,0.000000,0.000000,1.000000

0.084025,0.005577,0.121454,0.026408
0.000744,0.147610,-0.007293,0.020287
-0.121580,0.004758,0.083894,0.397961
0.000000,0.000000,0.000000,1.000000

0.082608,0.005718,0.122416,0.025230
0.000709,0.147606,-0.007374,0.020284
-0.122547,0.004709,0.082477,0.398812
0.000000,0.000000,0.000000,1.000000

0.081185,0.005858,0.123358,0.024052
0.000676,0.147602,-0.007455,0.020282
-0.123495,0.004660,0.081054,0.399703
0.000000,0.000000,0.000000,1.000000

0.079755,0.005997,0.124281,0.022875
0.000645,0.147598,-0.007535,0.020280
-0.124424,0.004609,0.079624,0.400633
0.000000,0.000000,0.000000,1.000000

0.078319,0.006134,0.125184,0.021699
0.000615,0.147594,-0.007616,0.020280
-0.125332,0.004557,0.078189,0.401602
0.000000,0.000000,0.000000,1.000000

0.076878,0.006270,0.126067,0.020524
0.000586,0.147590,-0.007698,0.020281
-0.126222,0.004504,0.076748,0.402608
0.000000,0.000000,0.000000,1.000000

0.075432,0.006405,0.126931,0.019350
0.000558,0.147586,-0.007779,0.020282
-0.127091,0.004450,0.075302,0.403651
0.000000,0.000000,0.000000,1.000000

0.073980,0.006538,0.127776,0.018177
0.000532,0.147582,-0.007860,0.020285
-0.127942,0.004395,0.073852,0.404732
0.000000,0.000000,0.000000,1.000000

0.072524,0.006670,0.128601,0.017007
0.000508,0.147578,-0.007941,0.020288
-0.128773,0.004338,0.072396,0.405849
0.000000,0.000000,0.000000,1.000000

0.071064,0.006801,0.129407,0.015837
0.000484,0.147573,-0.008022,0.020293
-0.129585,0.004281,0.070936,0.407001
0.000000,0.000000,0.000000,1.000000

0.069600,0.006930,0.130194,0.014671
0.000462,0.147569,-0.008103,0.020298
-0.130377,0.004223,0.069473,0.408189
0.000000,0.000000,0.000000,1.000000

0.068132,0.007059,0.130961,0.013506
0.000442,0.147565,-0.008183,0.020304
-0.131150,0.004164,0.068006,0.409411
0.000000,0.000000,0.000000,1.000000

0.066660,0.007185,0.131709,0.012344
0.000422,0.147560,-0.008264,0.020311
-0.131904,0.004104,0.066535,0.410666
0.000000,0.000000,0.000000,1.000000

0.065186,0.007311,0.132438,0.011184
0.000404,0.147556,-0.008344,0.020318
-0.132639,0.004043,0.065062,0.411956
0.000000,0.000000,0.000000,1.000000

0.063709,0.007435,0.133148,0.010027
0.000387,0.147551,-0.008425,0.020327
-0.133355,0.003981,0.063586,0.413277
0.000000,0.000000,0.000000,1.000000

0.062229,0.007558,0.133839,0.008873
0.000372,0.147547,-0.008505,0.020336
-0.134052,0.003918,0.062107,0.414631
0.000000,0.000000,0.000000,1.000000

0.060748,0.007679,0.134511,0.007723
0.000357,0.147542,-0.008585,0.020346
-0.134730,0.003854,0.060626,0.416016
0.000000,0.000000,0.000000,1.000000

0.059264,0.007799,0.135164,0.006575
0.000344,0.147537,-0.008664,0.020357
-0.135389,0.003789,0.059144,0.417432
0.000000,0.000000,0.000000,1.000000

0.057779,0.007918,0.135799,0.005431
0.000332,0.147533,-0.008743,0.020368
-0.136029,0.003723,0.057660,0.418877
0.000000,0.000000,0.000000,1.000000

0.056292,0.008035,0.136415,0.004291
0.000321,0.147528,-0.008822,0.020380
-0.136652,0.003657,0.056174,0.420353
0.000000,0.000000,0.000000,1.000000

0.054803,0.008151,0.137013,0.003154
0.000312,0.147523,-0.008901,0.020393
-0.137255,0.003590,0.054687,0.421857
0.000000,0.000000,0.000000,1.000000

0.053314,0.008265,0.137593,0.002021
0.000303,0.147519,-0.008979,0.020406
-0.137841,0.003521,0.053199,0.423389
0.000000,0.000000,0.000000,1.000000

0.051824,0.008379,0.138154,0.000891
0.000296,0.147514,-0.009057,0.020421
-0.138408,0.003452,0.051710,0.424948
0.000000,0.000000,0.000000,1.000000

0.050334,0.008490,0.138697,-0.000234
0.000289,0.147509,-0.009135,0.020435
-0.138957,0.003383,0.050221,0.426534
0.000000,0.000000,0.000000,1.000000

0.048843,0.008601,0.139222,-0.001355
0.000284,0.147504,-0.009212,0.020451
-0.139488,0.003312,0.048731,0.428146
0.000000,0.000000,0.000000,1.000000

0.047352,0.008709,0.139730,-0.002471
0.000280,0.147500,-0.009289,0.020467
-0.140001,0.003241,0.047242,0.429783
0.000000,0.000000,0.000000,1.000000

0.045861,0.008817,0.140219,-0.003584
0.000277,0.147495,-0.009365,0.020483
-0.140496,0.003168,0.045752,0.431445
0.000000,0.000000,0.000000,1.000000

0.044371,0.008923,0.140692,-0.004692
0.000274,0.147490,-0.009441,0.020500
-0.140974,0.003095,0.044263,0.433130
0.000000,0.000000,0.000000,1.000000

0.042881,0.009028,0.141146,-0.005795
0.000273,0.147485,-0.009516,0.020518
-0.141434,0.003022,0.042775,0.434839
0.000000,0.000000,0.000000,1.000000

0.041391,0.009131,0.141583,-0.006893
0.000273,0.147480,-0.009591,0.020536
-0.141877,0.002947,0.041287,0.436570
0.000000,0.000000,0.000000,1.000000

0.039903,0.009233,0.142004,-0.007987
0.000273,0.147475,-0.009666,0.020555
-0.142303,0.002872,0.039800,0.438323
0.000000,0.000000,0.000000,1.000000

0.038415,0.009334,0.142407,-0.009076
0.000275,0.147471,-0.009740,0.020574
-0.142712,0.002796,0.038314,0.440096
0.000000,0.000000,0.000000,1.000000

0.036929,0.009433,0.142793,-0.010161
0.000277,0.147466,-0.009814,0.020593
-0.143104,0.002720,0.036830,0.441890
0.000000,0.000000,0.000000,1.000000

0.035444,0.009531,0.143162,-0.011240
0.000280,0.147461,-0.009887,0.020613
-0.143479,0.002642,0.035346,0.443704
0.000000,0.000000,0.000000,1.000000

0.033960,0.009628,0.143515,-0.012314
0.000284,0.147456,-0.009959,0.020634
-0.143837,0.002564,0.033865,0.445536
0.000000,0.000000,0.000000,1.000000

0.032478,0.009723,0.143851,-0.013383
0.000289,0.147451,-0.010031,0.020655
-0.144179,0.002486,0.032384,0.447386
0.000000,0.000000,0.000000,1.000000

0.030998,0.009817,0.144171,-0.014447
0.000294,0.147446,-0.010103,0.020676
-0.144504,0.002406,0.030906,0.449253
0.000000,0.000000,0.000000,1.000000

0.029519,0.009909,0.144475,-0.015506
0.000301,0.147441,-0.010174,0.020698
-0.144814,0.002326,0.029429,0.451137
0.000000,0.000000,0.000000,1.000000

0.028043,0.010000,0.144762,-0.016560
0.000308,0.147436,-0.010245,0.020720
-0.145107,0.002246,0.027954,0.453036
0.000000,0.000000,0.000000,1.000000

0.026568,0.010090,0.145034,-0.017608
0.000316,0.147431,-0.010315,0.020742
-0.145384,0.002164,0.026482,0.454951
0.000000,0.000000,0.000000,1.000000

0.025096,0.010178,0.145290,-0.018651
0.000325,0.147426,-0.010384,0.020765
-0.145645,0.002082,0.025011,0.456879
0.000000,0.000000,0.000000,1.000000

0.023626,0.010265,0.145530,-0.019689
0.000334,0.147422,-0.010453,0.020788
-0.145891,0.002000,0.023543,0.458821
0.000000,0.000000,0.000000,1.000000

0.022158,0.010351,0.145754,-0.020721
0.000344,0.147417,-0.010522,0.020811
-0.146121,0.001916,0.022078,0.460776
0.000000,0.000000,0.000000,1.000000

0.020693,0.010436,0.145964,-0.021748
0.000354,0.147412,-0.010589,0.020835
-0.146336,0.001833,0.020615,0.462742
0.000000,0.000000,0.000000,1.000000

0.019231,0.010519,0.146158,-0.022770
0.000366,0.147407,-0.010657,0.020859
-0.146535,0.001748,0.019154,0.464720
0.000000,0.000000,0.000000,1.000000

0.017771,0.010601,0.146336,-0.023786
0.000377,0.147402,-0.010724,0.020883
-0.146719,0.001663,0.017697,0.466707
0.000000,0.000000,0.000000,1.000000

0.016314,0.010681,0.146500,-0.024796
0.000390,0.147397,-0.010790,0.020908
-0.146888,0.001577,0.016242,0.468705
0.000000,0.000000,0.000000,1.000000

0.014859,0.010760,0.146649,-0.025801
0.000403,0.147392,-0.010856,0.020933
-0.147043,0.001491,0.014790,0.470710
0.000000,0.000000,0.000000,1.000000

0.013408,0.010838,0.146783,-0.026801
0.000416,0.147387,-0.010921,0.020958
-0.147182,0.001404,0.013341,0.472724
0.000000,0.000000,0.000000,1.000000

0.011959,0.010915,0.146902,-0.027795
0.000430,0.147383,-0.010986,0.020983
-0.147307,0.001317,0.011895,0.474745
0.000000,0.000000,0.000000,1.000000

0.010514,0.010990,0.147007,-0.028783
0.000445,0.147378,-0.011050,0.021008
-0.147417,0.001229,0.010451,0.476771
0.000000,0.000000,0.000000,1.000000

0.009072,0.011065,0.147098,-0.029766
0.000460,0.147373,-0.011114,0.021034
-0.147513,0.001140,0.009012,0.478804
0.000000,0.000000,0.000000,1.000000

0.007633,0.011137,0.147174,-0.030743
0.000476,0.147368,-0.011177,0.021060
-0.147594,0.001051,0.007575,0.480841
0.000000,0.000000,0.000000,1.000000

0.006197,0.011209,0.147236,-0.031715
0.000492,0.147363,-0.011239,0.021086
-0.147661,0.000961,0.006141,0.482881
0.000000,0.000000,0.000000,1.000000

0.004764,0.011279,0.147284,-0.032681
0.000508,0.147358,-0.011302,0.021112
-0.147714,0.000871,0.004711,0.484925
0.000000,0.000000,0.000000,1.000000

0.003334,0.011348,0.147318,-0.033642
0.000525,0.147354,-0.011363,0.021138
-0.147754,0.000780,0.003284,0.486970
0.000000,0.000000,0.000000,1.000000

0.001908,0.011416,0.147338,-0.034597
0.000543,0.147349,-0.011424,0.021165
-0.147779,0.000688,0.001861,0.489017
0.000000,0.000000,0.000000,1.000000

0.000486,0.011483,0.147344,-0.035546
0.000560,0.147344,-0.011485,0.021192
-0.147790,0.000596,0.000441,0.491065
0.000000,0.000000,0.000000,1.000000

-0.000934,0.011548,0.147337,-0.036490
0.000578,0.147339,-0.011545,0.021218
-0.147788,0.000504,-0.000976,0.493112
0.000000,0.000000,0.000000,1.000000

-0.002350,0.011613,0.147316,-0.037428
0.000597,0.147335,-0.011605,0.021245
-0.147772,0.000410,-0.002389,0.495158
0.000000,0.000000,0.000000,1.000000

-0.003762,0.011676,0.147282,-0.038361
0.000616,0.147330,-0.011664,0.021272
-0.147743,0.000317,-0.003799,0.497201
0.000000,0.000000,0.000000,1.000000

-0.005171,0.011737,0.147234,-0.039288
0.000635,0.147325,-0.011722,0.021300
-0.147700,0.000222,-0.005205,0.499242
0.000000,0.000000,0.000000,1.000000

-0.006577,0.011798,0.147174,-0.040209
0.000654,0.147320,-0.011781,0.021327
-0.147644,0.000128,-0.006608,0.501279
0.000000,0.000000,0.000000,1.000000

-0.007979,0.011857,0.147099,-0.041125
0.000674,0.147316,-0.011838,0.021354
-0.147575,0.000032,-0.008007,0.503311
0.000000,0.000000,0.000000,1.000000

-0.009377,0.011916,0.147012,-0.042035
0.000694,0.147311,-0.011896,0.021382
-0.147493,-0.000064,-0.009402,0.505337
0.000000,0.000000,0.000000,1.000000

-0.010772,0.011973,0.146912,-0.042940
0.000715,0.147306,-0.011952,0.021409
-0.147397,-0.000160,-0.010794,0.507358
0.000000,0.000000,0.000000,1.000000

-0.012163,0.012028,0.146799,-0.043839
0.000736,0.147302,-0.012009,0.021437
-0.147289,-0.000258,-0.012182,0.509370
0.000000,0.000000,0.000000,1.000000

-0.013550,0.012083,0.146673,-0.044732
0.000757,0.147297,-0.012065,0.021465
-0.147168,-0.000355,-0.013566,0.511375
0.000000,0.000000,0.000000,1.000000

-0.014933,0.012137,0.146534,-0.045620
0.000778,0.147292,-0.012120,0.021492
-0.147034,-0.000453,-0.014947,0.513370
0.000000,0.000000,0.000000,1.000000

-0.016313,0.012189,0.146382,-0.046503
0.000799,0.147288,-0.012175,0.021520
-0.146887,-0.000552,-0.016324,0.515355
0.000000,0.000000,0.000000,1.000000

-0.017689,0.012240,0.146218,-0.047379
0.000821,0.147283,-0.012230,0.021548
-0.146727,-0.000652,-0.017696,0.517330
0.000000,0.000000,0.000000,1.000000

-0.019062,0.012290,0.146041,-0.048251
0.000843,0.147278,-0.012284,0.021576
-0.146555,-0.000751,-0.019066,0.519292
0.000000,0.000000,0.000000,1.000000

-0.020430,0.012339,0.145852,-0.049116
0.000865,0.147274,-0.012338,0.021604
-0.146371,-0.000852,-0.020431,0.521242
0.000000,0.000000,0.000000,1.000000

-0.021795,0.012387,0.145650,-0.049976
0.000887,0.147269,-0.012391,0.021632
-0.146173,-0.000953,-0.021792,0.523178
0.000000,0.000000,0.000000,1.000000

-0.023156,0.012433,0.145436,-0.050831
0.000910,0.147264,-0.012445,0.021660
-0.145964,-0.001054,-0.023150,0.525100
0.000000,0.000000,0.000000,1.000000

-0.024513,0.012479,0.145210,-0.051680
0.000933,0.147260,-0.012497,0.021688
-0.145742,-0.001157,-0.024504,0.527007
0.000000,0.000000,0.000000,1.000000

-0.025867,0.012523,0.144971,-0.052523
0.000956,0.147255,-0.012550,0.021716
-0.145508,-0.001259,-0.025854,0.528898
0.000000,0.000000,0.000000,1.000000

-0.027216,0.012566,0.144720,-0.053361
0.000979,0.147251,-0.012602,0.021744
-0.145261,-0.001362,-0.027200,0.530771
0.000000,0.000000,0.000000,1.000000

-0.028562,0.012608,0.144457,-0.054193
0.001002,0.147246,-0.012653,0.021772
-0.145002,-0.001466,-0.028542,0.532626
0.000000,0.000000,0.000000,1.000000

-0.029903,0.012649,0.144181,-0.055020
0.001025,0.147241,-0.012705,0.021800
-0.144732,-0.001571,-0.029880,0.534462
0.000000,0.000000,0.000000,1.000000

-0.031241,0.012689,0.143894,-0.055841
0.001049,0.147237,-0.012756,0.021828
-0.144449,-0.001675,-0.031214,0.536278
0.000000,0.000000,0.000000,1.000000

-0.032574,0.012727,0.143595,-0.056656
0.001072,0.147232,-0.012806,0.021856
-0.144154,-0.001781,-0.032543,0.538074
0.000000,0.000000,0.000000,1.000000

-0.033904,0.012765,0.143283,-0.057466
0.001096,0.147228,-0.012857,0.021884
-0.143847,-0.001887,-0.033869,0.539848
0.000000,0.000000,0.000000,1.000000

-0.035229,0.012801,0.142960,-0.058271
0.001120,0.147223,-0.012907,0.021913
-0.143527,-0.001994,-0.035191,0.541599
0.000000,0.000000,0.000000,1.000000

-0.036551,0.012836,0.142625,-0.059069
0.001144,0.147219,-0.012957,0.021941
-0.143196,-0.002101,-0.036508,0.543328
0.000000,0.000000,0.000000,1.000000

-0.037868,0.012871,0.142277,-0.059862
0.001168,0.147214,-0.013006,0.021969
-0.142854,-0.002208,-0.037822,0.545032
0.000000,0.000000,0.000000,1.000000

-0.039181,0.012904,0.141918,-0.060650
0.001192,0.147209,-0.013056,0.021997
-0.142499,-0.002317,-0.039131,0.546711
0.000000,0.000000,0.000000,1.000000

-0.040490,0.012935,0.141548,-0.061431
0.001216,0.147205,-0.013105,0.022025
-0.142132,-0.002425,-0.040436,0.548364
0.000000,0.000000,0.000000,1.000000

-0.041794,0.012966,0.141165,-0.062207
0.001240,0.147200,-0.013153,0.022053
-0.141754,-0.002535,-0.041736,0.549990
0.000000,0.000000,0.000000,1.000000

-0.043095,0.012996,0.140771,-0.062977
0.001265,0.147196,-0.013202,0.022081
-0.141364,-0.002645,-0.043032,0.551588
0.000000,0.000000,0.000000,1.000000

-0.044390,0.013024,0.140365,-0.063742
0.001289,0.147191,-0.013250,0.022109
-0.140962,-0.002755,-0.044324,0.553159
0.000000,0.000000,0.000000,1.000000

-0.045682,0.013052,0.139947,-0.064501
0.001314,0.147187,-0.013298,0.022138
-0.140549,-0.002866,-0.045611,0.554700
0.000000,0.000000,0.000000,1.000000

-0.046969,0.013078,0.139518,-0.065254
0.001339,0.147182,-0.013346,0.022166
-0.140123,-0.002978,-0.046894,0.556211
0.000000,0.000000,0.000000,1.000000

-0.048252,0.013103,0.139078,-0.066001
0.001363,0.147178,-0.013394,0.022194
-0.139687,-0.003090,-0.048172,0.557692
0.000000,0.000000,0.000000,1.000000

-0.049530,0.013128,0.138625,-0.066742
0.001388,0.147173,-0.013441,0.022222
-0.139239,-0.003203,-0.049446,0.559141
0.000000,0.000000,0.000000,1.000000

-0.050803,0.013151,0.138162,-0.067477
0.001413,0.147168,-0.013488,0.022250
-0.138779,-0.003316,-0.050714,0.560558
0.000000,0.000000,0.000000,1.000000

-0.052071,0.013172,0.137686,-0.068207
0.001438,0.147164,-0.013535,0.022278
-0.138308,-0.003429,-0.051978,0.561942
0.000000,0.000000,0.000000,1.000000

-0.053335,0.013193,0.137200,-0.068930
0.001463,0.147159,-0.013582,0.022306
-0.137825,-0.003544,-0.053238,0.563293
0.000000,0.000000,0.000000,1.000000

-0.054595,0.013213,0.136702,-0.069648
0.001488,0.147155,-0.013629,0.022334
-0.137331,-0.003659,-0.054492,0.564609
0.000000,0.000000,0.000000,1.000000

-0.055849,0.013231,0.136192,-0.070359
0.001513,0.147150,-0.013676,0.022362
-0.136825,-0.003774,-0.055742,0.565891
0.000000,0.000000,0.000000,1.000000

-0.057098,0.013249,0.135672,-0.071065
0.001538,0.147146,-0.013722,0.022390
-0.136308,-0.003890,-0.056986,0.567137
0.000000,0.000000,0.000000,1.000000

-0.058342,0.013265,0.135140,-0.071764
0.001563,0.147141,-0.013768,0.022418
-0.135780,-0.004006,-0.058225,0.568348
0.000000,0.000000,0.000000,1.000000

-0.059581,0.013280,0.134596,-0.072457
0.001588,0.147136,-0.013815,0.022446
-0.135241,-0.004123,-0.059460,0.569521
0.000000,0.000000,0.000000,1.000000

-0.060815,0.013294,0.134042,-0.073144
0.001613,0.147132,-0.013861,0.022474
-0.134690,-0.004240,-0.060689,0.570659
0.000000,0.000000,0.000000,1.000000

-0.062044,0.013307,0.133476,-0.073825
0.001639,0.147127,-0.013907,0.022502
-0.134128,-0.004358,-0.061912,0.571758
0.000000,0.000000,0.000000,1.000000

-0.063267,0.013319,0.132900,-0.074499
0.001664,0.147123,-0.013952,0.022530
-0.133555,-0.004476,-0.063131,0.572820
0.000000,0.000000,0.000000,1.000000

-0.064485,0.013330,0.132312,-0.075168
0.001689,0.147118,-0.013998,0.022558
-0.132971,-0.004595,-0.064343,0.573843
0.000000,0.000000,0.000000,1.000000

-0.065697,0.013339,0.131713,-0.075830
0.001715,0.147113,-0.014044,0.022586
-0.132376,-0.004715,-0.065550,0.574828
0.000000,0.000000,0.000000,1.000000

-0.066904,0.013348,0.131104,-0.076485
0.001740,0.147109,-0.014089,0.022615
-0.131770,-0.004834,-0.066752,0.575774
0.000000,0.000000,0.000000,1.000000

-0.068105,0.013355,0.130483,-0.077134
0.001766,0.147104,-0.014135,0.022643
-0.131153,-0.004955,-0.067948,0.576681
0.000000,0.000000,0.000000,1.000000

-0.069301,0.013362,0.129851,-0.077777
0.001791,0.147099,-0.014180,0.022671
-0.130525,-0.005075,-0.069138,0.577549
0.000000,0.000000,0.000000,1.000000

-0.070490,0.013367,0.129209,-0.078413
0.001817,0.147095,-0.014226,0.022699
-0.129886,-0.005197,-0.070322,0.578376
0.000000,0.000000,0.000000,1.000000

-0.071674,0.013371,0.128556,-0.079042
0.001843,0.147090,-0.014271,0.022727
-0.129236,-0.005318,-0.071500,0.579165
0.000000,0.000000,0.000000,1.000000

