135
222
284
285
279
12
75
106
301
302
325
305
287
330
358
339
336
328
373
334
361
337
402
369
318
408
400
471
354
393
267
412
402
425
397
136
76
0
61
84
270
291
381
415
398
357
384
425
335
423
307
276
338
347
255
108
123
384
546
444
371
484
541
505
533
630
623
642
569
629
626
640
630
625
539
397
514
592
592
589
179
90
125
104
124
124
109
108
105
117
110
91
105
115
107
116
90
111
96
105
238
366
310
446
480
530
474
335
383
539
542
461
440
678
671
703
670
528
562
545
644
284
454
566
714
724
749
719
532
23
50
12
42
135
17
0
0
0
0
0
124
113
202
276
228
239
252
280
302
273
268
35
32
62
65
0
71
92
9
36
147
168
69
66
12
17
32
1
31
12
8
6
19
5
6
8
6
21
8
4
7
6
15
7
0
6
23
26
12
8
6
11
24
9
16
33
9
25
6
26
8
25
18
32
54
20
92
117
107
103
112
176
214
271
284
312
283
338
334
386
388
436
410
371
467
421
359
441
480
279
16
49
310
487
435
181
147
324
352
426
435
413
448
461
499
456
405
7
58
7
10
102
110
307
387
421
445
429
461
419
467
458
473
422
480
539
532
379
472
470
402
704
662
544
659
827
857
804
797
860
702
815
884
794
676
694
1010
772
996
861
833
821
851
876
615
956
877
1000
891
901
992
696
606
731
627
316
0
1
119
107
532
811
527
804
836
788
788
782
803
631
764
817
846
725
766
906
807
979
966
1060
1130
1020
1180
1180
1070
1330
1320
1030
900
706
830
970
883
757
920
968
1190
824
1190
1280
1150
781
613
850
920
1170
932
1260
1290
1260
1230
929
968
1190
1000
725
1130
1150
915
724
1210
1180
1190
1140
858
654
922
1050
883
1080
1280
1210
1240
1220
914
1160
1260
830
1220
1280
1190
1230
1050
867
827
1160
1120
899
1080
1230
1200
1240
1010
961
821
899
838
786
737
980
1140
1230
1000
607
759
730
710
737
708
705
940
619
315
207
456
43
53
21
61
316
189
3
14
22
114
96
6
14
91
108
125
191
209
277
442
500
518
534
595
584
550
607
614
664
626
642
637
648
606
611
589
632
639
490
708
603
554
753
817
708
658
907
913
689
747
609
954
1000
1010
950
771
873
840
902
663
923
925
817
722
663
792
725
545
861
843
583
451
618
580
682
601
574
656
697
858
885
947
536
830
865
956
852
752
623
1010
756
729
697
615
506
0
101
84
116
117
119
117
90
90
93
85
84
50
1
0
4
89
84
121
122
116
102
117
119
102
105
120
124
114
125
86
117
113
91
108
107
100
101
111
110
113
103
124
125
125
111
96
120
123
97
118
117
109
125
111
123
103
117
124
122
118
100
104
81
124
97
115
106
120
99
104
85
92
88
125
120
120
106
108
85
92
90
102
113
124
121
117
121
115
112
118
120
84
96
116
117
114
118
77
99
123
121
95
110
113
119
125
115
124
113
118
121
108
89
106
115
124
86
165
213
253
263
320
339
308
362
317
409
433
434
430
453
489
477
421
422
484
488
521
562
593
505
524
509
568
623
673
564
649
689
673
767
899
792
785
337
6
0
118
109
108
116
93
86
123
125
110
106
109
79
0
88
101
119
102
125
104
101
102
120
94
117
114
97
109
106
115
102
118
89
87
79
89
101
105
119
113
88
125
121
97
109
94
87
97
110
107
116
95
93
110
117
124
111
79
112
121
120
124
109
121
98
101
111
100
98
97
118
119
106
110
116
125
113
118
112
121
123
108
122
124
101
125
85
84
105
99
117
122
105
121
118
107
120
96
120
104
92
97
92
80
93
100
119
95
102
119
94
97
112
109
125
120
90
105
119
92
85
124
