1050
645
595
734
627
940
741
548
779
805
564
697
584
768
110
119
699
696
797
828
842
926
818
782
752
635
683
573
570
960
1030
1070
810
960
760
534
112
82
500
881
976
1010
864
951
929
1020
777
1130
1120
1040
1260
1030
694
113
94
140
167
21
0
0
0
0
106
123
354
508
511
537
553
556
577
521
396
585
524
678
833
1110
1420
1150
868
591
124
131
759
981
1340
1160
1130
1360
975
1210
1370
1340
1520
1610
1580
1620
1480
872
0
0
0
0
0
0
0
0
0
0
0
0
0
0
122
113
2
68
107
230
511
702
753
646
713
626
639
811
720
761
930
1020
956
914
974
716
171
616
82
115
592
843
887
960
1060
1480
1140
1400
1400
1020
1140
1320
383
90
123
107
371
694
691
774
780
613
601
273
332
18
12
474
541
30
249
209
231
436
453
338
517
71
225
262
324
99
173
228
467
565
395
68
326
152
220
321
162
289
334
95
322
244
246
355
361
491
468
591
636
658
125
88
77
119
97
113
92
154
448
90
123
94
148
591
675
748
689
680
757
612
681
860
953
1070
680
855
846
853
821
854
989
1400
1150
1550
1360
1420
1210
1030
1110
995
875
1090
1020
938
1080
1020
1140
1080
1010
1140
1130
1180
1270
1010
1140
1270
1250
1230
1130
1240
1150
123
92
547
917
1190
1150
1340
1260
1300
1290
1210
1160
1340
1230
1180
1060
1170
1100
1070
1360
1160
1670
1230
1140
1340
1460
1580
1240
1330
1250
1080
1090
614
122
116
555
879
622
1010
958
246
98
78
144
604
1070
1640
1690
1780
1550
1620
1790
1780
1590
1530
1040
1820
1090
117
200
1330
1450
1260
1290
1420
1570
1570
1290
1360
1260
1200
1200
691
711
648
724
609
959
673
2
0
0
82
124
95
117
22
29
0
0
102
101
101
119
125
117
565
446
771
845
1230
1180
1030
914
1140
1020
885
839
6
0
0
0
104
111
376
1080
1110
1110
1070
964
1110
684
1110
1360
1240
1250
1220
743
116
124
100
304
100
221
223
3
0
0
0
0
116
121
125
83
105
110
95
106
118
113
89
117
120
94
97
293
790
926
753
750
460
0
0
0
2
112
104
95
140
16
30
73
11
22
19
141
10
3
94
105
120
118
98
119
123
109
390
498
680
574
641
673
608
606
601
878
566
902
842
756
776
701
694
759
725
861
725
794
1090
1220
973
997
666
697
837
324
5
300
608
1070
1230
689
1350
1190
1170
1390
1190
1320
1130
1360
1450
1370
1410
1320
1150
1410
1360
1560
1370
1470
1550
1500
1400
1440
1390
1470
1430
1370
1360
1240
1180
1250
1170
963
1010
926
550
631
356
43
3
150
116
839
1100
924
1170
1230
1160
1110
1240
1390
1120
1350
1210
1070
1080
1090
1270
1390
1500
948
1140
1370
679
85
615
809
1400
1270
1450
1340
1500
1340
1230
1500
1370
1650
1310
1670
1680
1440
1370
1190
1170
1250
1230
807
660
199
394
279
41
25
38
34
122
89
76
262
165
89
329
95
103
279
409
388
407
429
528
591
317
338
498
543
224
0
125
82
120
152
93
117
111
119
123
99
106
348
511
677
201
119
116
364
552
569
552
348
736
616
579
598
694
703
730
667
778
228
176
529
633
610
625
666
570
0
119
111
562
466
481
368
536
570
636
565
676
613
575
674
613
647
704
658
772
815
732
812
811
923
841
769
1090
1140
1310
1270
1240
1070
1480
1040
1290
953
1290
1260
1560
971
698
1070
1330
1290
1480
1360
714
1360
871
98
94
782
859
1010
1170
1090
908
886
1200
1130
1200
1500
1080
1440
1140
1520
866
915
1060
1480
1310
1360
1320
870
1450
1340
1010
1350
1360
1230
1180
1370
1500
1340
1390
1100
1120
1430
1170
1250
1160
1320
1190
1240
1300
543
919
992
873
974
800
945
1090
1080
999
935
1080
841
909
1030
629
107
111
617
785
847
984
881
852
994
882
991
997
475
912
978
965
989
805
153
58
305
192
475
99
102
9
60
