241
436
523
621
699
795
930
1120
1190
1170
1170
1490
1330
1320
1280
1340
1430
1230
1350
1220
1290
1300
1280
1470
1160
1100
1020
1060
951
658
564
565
580
462
471
173
108
116
19
124
103
843
901
883
933
1060
1050
1040
988
1010
943
975
970
967
1200
1270
1000
870
1200
1060
121
120
123
749
984
753
1150
1030
1060
956
960
993
941
676
951
1200
1120
1240
1560
1250
1170
1280
1290
1310
1470
1440
834
1180
878
1360
1030
123
93
102
448
605
786
856
873
1110
780
43
2
413
575
623
903
832
681
702
743
926
1230
948
1000
1210
1140
1460
1490
1240
900
1130
1140
1060
1230
1150
692
704
720
991
898
808
797
938
727
609
107
13
0
77
511
92
117
99
470
647
552
637
611
748
608
791
759
883
1060
1140
662
828
788
829
900
1000
1100
1030
1040
962
1040
1010
873
968
892
985
1140
1050
1050
1080
1120
1170
1210
1180
1190
1160
1400
1230
1240
1290
1230
1250
1240
1090
1070
1120
1270
1400
1290
1280
1280
1260
1310
1020
1190
1010
867
741
657
478
351
481
107
8
0
49
213
29
120
115
122
631
856
756
879
870
893
838
765
784
880
911
462
104
333
961
1010
1090
1260
1260
999
1310
1300
1370
1260
1310
1210
1290
1110
1130
1240
1150
1010
952
822
709
693
494
92
58
18
152
109
550
827
934
1030
978
1030
1210
1080
1030
1110
1220
944
1190
1120
1090
1040
1110
957
1070
1070
1240
1290
1100
1070
1240
1200
1180
1100
1150
1190
1300
1120
986
987
1050
1210
1110
1020
914
1010
1110
1190
1100
1020
905
996
1080
1010
913
664
955
218
405
18
17
1
116
116
101
455
545
568
412
109
121
98
121
119
552
511
535
645
482
622
630
229
112
78
362
562
445
436
426
491
453
176
394
652
547
671
706
632
797
816
729
730
717
745
747
657
778
982
744
682
820
810
446
697
863
745
781
831
859
1100
759
757
975
961
870
952
936
819
864
910
1010
905
835
969
398
103
350
854
954
945
901
889
711
833
876
770
508
36
3
0
54
25
121
102
395
564
593
644
407
553
581
150
476
542
272
274
209
165
95
66
56
58
55
54
59
40
0
0
113
123
121
206
300
400
428
472
445
481
525
566
623
622
611
574
748
619
776
738
162
120
311
667
672
617
539
648
616
640
589
734
566
640
549
601
791
816
630
768
350
97
125
714
122
120
478
727
704
655
701
793
708
681
404
105
115
221
554
590
554
611
565
445
613
542
116
118
464
443
579
675
632
665
669
694
753
734
732
774
752
743
641
696
754
834
765
744
791
828
913
1020
948
1030
948
870
977
1010
949
873
781
740
760
709
856
759
785
698
690
296
724
659
534
48
101
32
34
59
206
94
577
658
600
486
560
625
739
666
602
485
418
59
127
139
360
876
874
645
114
174
630
815
825
854
863
254
73
83
95
122
564
607
650
654
676
547
571
554
541
518
334
597
621
578
19
104
121
123
95
96
80
102
113
116
102
98
102
104
90
99
104
113
107
107
98
108
122
122
83
110
112
98
107
88
123
94
111
109
113
673
742
774
798
809
849
844
796
811
350
118
312
704
864
910
946
935
860
861
1040
1030
643
974
919
759
755
863
873
872
899
854
897
860
787
893
798
727
743
642
520
482
12
34
0
0
0
1
81
125
111
112
79
202
289
329
391
550
542
621
670
681
691
752
755
780
795
735
774
747
783
748
603
721
682
849
623
537
577
674
562
525
536
605
466
4
5
0
0
14
107
112
124
94
87
95
105
84
89
115
121
117
84
113
108
123
95
114
122
123
121
106
123
83
100
120
119
87
110
120
118
115
118
105
33
56
73
122
130
179
122
111
112
157
218
217
248
251
204
133
257
302
349
360
258
337
343
513
503
486
547
548
556
661
681
692
620
637
558
624
750
595
542
617
568
817
529
578
745
772
713
