1100
1240
1220
1290
1260
1310
1410
1380
1270
1540
1460
1270
1280
1320
1460
1500
1080
1120
1410
1170
677
411
315
600
578
446
316
164
117
85
117
119
341
715
791
940
841
791
714
822
939
789
826
981
867
106
113
693
1160
1370
1360
1440
1400
1420
1130
1390
1210
1320
1180
1220
1280
1540
1420
1630
1420
1180
1370
1440
927
812
959
945
883
837
849
835
891
958
879
928
844
1030
1020
1000
883
966
874
894
756
906
853
795
1090
856
685
596
325
832
530
121
112
772
936
1020
1070
1330
884
999
1250
1310
1280
1120
977
1150
868
507
1470
1380
1300
1030
1290
1200
1360
1270
1230
1030
1050
1220
1230
1010
1280
1200
1090
1330
929
936
834
1010
1010
606
781
740
689
694
634
633
599
501
381
144
186
362
218
110
84
93
103
63
272
324
364
392
560
516
525
559
775
645
827
682
763
860
650
831
536
634
749
737
954
624
766
857
906
827
1020
903
755
759
826
987
1040
1060
1200
1210
1330
1510
1450
1210
1020
899
784
793
739
651
632
515
23
115
107
172
1140
1360
1460
1490
1430
1280
1370
1520
1410
1190
1360
1180
1160
1370
1330
1540
1400
1200
1220
1200
596
412
255
182
21
245
662
190
453
216
21
25
152
199
404
127
28
84
76
265
431
486
540
622
668
740
815
785
748
861
1040
1140
1130
1050
1250
1010
996
1050
985
1070
961
979
1010
1050
993
1270
967
966
965
942
995
951
964
986
955
989
988
1050
852
879
1120
892
918
1040
1190
1230
1220
1090
982
594
9
0
11
107
113
255
739
874
926
829
854
851
897
794
796
762
883
816
968
783
749
772
967
854
739
743
672
823
817
959
793
961
1040
937
948
1010
1100
990
912
1040
937
1130
916
771
351
934
990
1040
977
1080
1270
1120
1080
874
1170
983
1120
1120
1400
1240
1260
1230
1280
1550
1420
1080
1180
1210
1180
1170
1230
1300
1390
1360
1440
1350
1480
1320
1370
1230
1010
861
873
888
1000
881
1080
991
675
791
777
712
592
762
102
2
8
124
115
123
121
107
86
45
48
103
57
102
125
111
465
532
719
707
669
843
668
712
759
772
203
113
119
482
889
988
984
901
897
1150
1020
120
110
414
973
1100
970
1070
1200
957
118
114
83
86
75
212
420
541
617
634
708
912
930
1030
1110
1310
1310
1510
1610
1310
1700
1740
1660
1640
1410
1570
1550
1330
1070
1110
1660
119
114
472
1110
1230
1220
1070
1010
1290
951
462
96
222
1120
1050
1230
1140
1140
1140
1120
1060
950
1200
1190
673
114
118
343
674
501
450
129
43
72
32
47
68
87
113
170
670
740
846
857
828
868
779
747
949
1040
974
1080
914
997
95
71
72
681
917
976
996
1020
898
943
530
993
1040
976
1040
994
1130
986
887
794
653
673
754
866
407
427
932
409
738
838
835
923
801
811
771
737
290
245
715
887
864
699
115
291
754
881
864
950
812
889
961
845
839
806
811
874
867
853
929
985
925
907
911
878
834
741
890
950
478
100
116
118
100
79
119
106
108
113
110
98
108
118
119
91
86
96
95
106
112
90
117
125
105
78
106
107
113
124
108
123
113
101
125
99
121
122
107
684
873
849
812
812
809
822
4
278
106
115
747
1010
1170
1140
1220
1200
1350
1620
1280
1480
1300
1220
1060
1100
1250
1050
1160
935
939
894
923
1070
843
797
771
655
549
419
192
35
64
59
4
22
60
154
128
71
92
45
37
121
118
121
90
306
506
485
358
370
480
477
174
422
900
793
495
638
855
990
1040
876
701
369
155
68
141
0
115
103
102
373
480
592
568
598
117
97
472
629
730
614
649
657
492
672
625
694
718
724
508
640
93
123
265
638
635
719
870
675
770
112
119
124
92
108
114
125
277
379
480
473
490
553
447
575
562
581
500
628
763
751
880
998
574
844
862
796
715
729
1040
1010
114
109
395
761
770
819
802
882
751
892
700
841
943
797
1020
802
