98
120
282
484
545
579
666
741
324
51
307
498
622
917
900
968
843
888
854
999
1040
1040
962
905
515
945
668
1360
757
1070
736
132
885
849
774
715
843
892
1060
852
790
595
595
587
632
656
537
333
492
115
116
490
737
716
797
935
270
89
116
713
737
778
862
892
793
923
926
871
804
400
117
113
315
64
0
0
0
0
9
101
96
119
88
37
11
6
1
0
0
0
0
83
101
212
190
165
143
22
130
157
225
191
73
182
214
85
115
75
697
909
1030
1170
1280
1250
1420
1640
1480
1300
1500
1380
1180
136
0
0
0
0
0
0
0
0
0
0
0
0
0
0
0
0
0
0
0
0
102
115
116
116
0
0
0
0
0
0
0
0
185
1000
1210
1070
121
101
820
1140
1180
1180
1060
1050
899
366
7
3
11
90
107
95
97
101
93
109
122
118
102
97
124
120
820
858
821
753
801
733
513
626
791
794
881
960
807
794
1060
1200
821
1070
998
889
873
852
1230
1380
900
909
810
844
863
949
1020
875
967
964
961
860
967
1090
1230
1090
1070
1150
874
899
831
1060
933
210
122
607
817
1080
918
1150
1260
871
1260
1290
1530
1290
1570
636
970
867
1070
1060
1030
537
45
55
233
501
704
696
28
21
35
38
135
29
67
60
99
76
53
74
34
70
53
83
106
245
395
489
503
595
654
730
644
862
819
868
277
112
239
503
542
729
798
826
859
734
676
736
729
702
710
720
761
576
605
1070
885
743
712
760
777
154
80
92
391
79
84
888
811
907
914
817
818
795
783
769
906
795
1100
879
1400
1210
1020
995
1260
1440
1500
1320
1330
1370
1300
991
1090
1070
1330
1260
1390
1380
1220
1230
1370
1250
1200
1160
140
88
101
119
119
644
1180
1030
1330
909
1280
1050
1400
1270
918
888
1340
1360
1010
1230
1030
760
810
1180
1100
1110
1130
939
746
134
650
876
825
1060
1120
1050
1220
1060
11
96
86
1000
1280
1260
1410
1440
977
1080
1110
1010
1540
1360
1530
1290
1310
1330
1250
1260
1170
1220
1240
1390
1060
1250
1240
1260
1310
1290
78
120
764
1120
917
1060
1300
1170
1550
1380
1260
1310
1100
1180
1140
1250
1200
1050
1330
951
969
993
915
1030
991
934
1120
1050
909
891
816
935
1040
975
125
119
122
215
350
30
116
687
788
782
811
935
901
753
873
902
920
562
143
98
91
114
100
115
106
116
113
79
122
141
294
218
0
1
0
15
106
121
729
729
815
698
764
790
722
717
732
690
601
642
645
734
885
714
730
742
786
631
719
70
27
121
116
379
613
645
657
641
670
582
511
577
763
741
829
670
761
687
609
867
845
800
575
940
979
983
1030
889
844
1070
1050
981
1070
925
726
1150
1190
1070
1110
1290
1080
1040
1240
566
822
914
706
710
573
217
4
9
5
171
120
512
503
826
846
909
829
979
967
972
917
911
950
939
969
1100
398
89
805
832
800
0
114
124
410
548
619
672
658
522
553
446
540
657
630
515
634
748
679
654
563
607
697
371
12
3
0
7
124
85
30
43
61
51
74
71
297
344
145
202
206
10
56
79
13
40
16
56
29
3
1
30
21
8
23
28
17
18
14
14
38
51
47
44
107
132
174
98
30
11
48
155
119
12
132
135
134
15
208
235
247
148
331
470
258
31
200
360
164
69
134
207
159
0
0
88
125
125
103
190
225
391
557
484
424
468
432
60
296
440
488
423
429
528
463
236
603
662
621
591
699
712
671
703
511
229
290
504
536
521
527
618
530
559
622
681
648
694
645
661
587
593
518
620
627
603
689
866
695
803
1020
1040
718
685
795
975
660
808
960
11
113
114
104
93
120
122
102
110
79
86
107
116
118
101
91
98
103
124
92
116
117
105
91
92
116
104
106
113
108
112
114
112
122
123
107
111
114
101
116
103
118
99
89
118
100
80
107
120
122
