13
20
22
32
36
52
90
129
164
242
319
395
481
465
539
541
640
688
839
850
917
945
951
658
664
602
453
754
685
453
92
56
113
179
101
549
713
755
731
671
706
633
609
740
699
667
893
770
98
124
117
683
809
831
657
933
900
978
879
711
828
926
699
790
949
852
563
949
780
920
809
760
771
867
848
593
41
619
741
759
556
77
78
63
131
120
79
125
111
82
93
119
110
582
535
673
745
625
541
601
588
682
686
682
700
725
590
616
823
674
611
169
394
692
666
670
720
805
617
636
715
753
769
722
689
867
755
761
598
626
750
805
745
735
705
601
571
291
0
120
125
346
363
362
295
323
456
493
563
577
358
472
669
612
1070
767
693
749
797
695
897
930
983
809
854
892
724
610
704
708
699
538
773
873
1020
811
777
539
904
964
794
754
750
856
830
1000
758
922
805
883
813
812
787
899
1030
1010
965
938
917
800
783
745
722
704
131
4
99
110
690
800
752
822
744
811
843
873
942
969
894
908
886
1010
1120
878
1240
1050
623
401
638
167
0
104
107
884
1180
1250
1290
1060
933
1420
909
899
1140
1120
823
787
744
742
862
836
220
7
0
96
109
753
738
934
813
811
933
774
874
1150
1230
1440
1250
1260
1390
1370
1240
1170
1500
884
807
741
914
838
1140
1010
940
893
1120
879
903
934
826
840
799
952
1070
1060
987
1130
974
1020
1020
899
789
620
742
903
623
1
7
100
123
91
281
606
580
714
641
659
570
722
550
621
771
581
427
330
430
480
732
517
597
562
764
249
853
886
981
988
977
757
512
500
534
611
413
654
514
590
585
663
613
737
689
815
757
724
598
729
674
684
878
816
642
724
725
825
726
919
819
669
679
725
822
928
903
923
916
944
802
1020
849
962
926
986
918
957
982
931
1070
1080
656
26
707
895
915
531
627
753
565
451
183
9
16
8
109
468
601
673
665
583
687
551
606
599
726
664
735
774
789
895
721
660
700
733
775
916
921
968
892
952
877
1070
1000
798
874
857
998
780
891
897
1170
1040
933
785
871
814
936
947
984
991
1080
1150
1040
1100
1080
1190
975
1060
1270
1090
1290
1370
1220
1170
1300
1370
1240
1280
984
905
728
812
766
733
1020
756
801
781
941
871
876
801
870
1090
1380
1150
1240
1260
1440
857
869
1010
750
975
795
636
620
413
367
93
4
1
0
5
3
76
123
117
118
118
120
118
103
111
81
106
104
89
87
100
125
103
103
118
114
116
116
116
116
108
122
99
118
109
100
122
123
115
85
80
89
123
102
106
84
111
101
113
103
106
122
123
94
124
115
125
79
79
102
94
88
125
110
80
93
119
314
362
8
3
13
53
148
301
332
165
3
1
12
114
111
112
103
111
103
114
84
107
117
117
91
100
100
89
96
122
104
94
123
106
115
90
116
120
94
92
107
92
113
93
673
788
893
1050
1090
1100
1060
993
1040
1140
1140
1100
1270
1360
94
115
1160
1530
1650
1310
1490
1590
1760
1730
1810
1820
1830
1620
1350
1630
1330
1540
1650
1440
1810
1650
1380
1540
1410
1280
419
5
34
85
115
449
702
1190
1410
1140
1180
1110
1200
1240
880
223
7
0
0
0
77
88
83
354
439
606
644
665
804
722
333
409
120
90
113
95
370
298
396
468
264
390
359
414
378
439
341
333
346
430
396
343
348
407
414
282
402
271
91
81
93
124
99
82
117
122
118
120
123
92
247
373
243
303
232
0
0
119
99
92
119
141
86
101
129
107
43
98
111
110
136
75
111
90
165
126
156
194
198
192
144
195
216
235
251
334
307
340
411
375
159
283
413
337
446
500
371
371
377
384
115
353
369
343
365
434
527
472
425
432
461
467
512
491
495
520
572
576
517
682
719
624
