429
876
917
1100
789
991
1020
894
977
905
905
1020
1010
1080
943
865
976
1370
1160
1090
822
652
783
645
850
888
844
792
690
1300
701
599
767
1150
996
595
600
448
355
355
547
1190
473
78
123
539
486
775
661
57
43
116
109
530
620
681
666
747
634
569
696
459
713
515
237
0
0
0
0
3
98
99
652
782
236
0
0
0
0
0
75
124
113
0
0
0
0
0
0
100
96
191
195
281
705
109
124
112
936
1080
1010
1100
1090
1050
550
959
1080
982
880
1010
934
834
688
694
951
1080
1390
1180
810
679
252
266
229
670
522
111
624
766
691
308
480
155
2
20
96
92
909
928
1080
1170
1110
1310
1140
97
119
1110
1260
1170
904
1130
844
715
1150
1130
862
405
464
573
757
742
757
819
431
1200
972
858
1050
219
0
101
100
125
831
769
779
868
857
778
548
0
673
1000
910
865
971
971
1000
979
1150
1170
940
1140
942
1130
992
987
1010
842
1050
1020
1140
886
1040
1060
967
982
997
1080
1130
1070
1170
1090
1140
1490
1320
931
1230
409
962
1570
1010
78
115
913
967
987
840
722
795
893
1060
960
827
835
811
775
833
1030
950
1010
1070
1140
1300
1330
1230
1220
1270
1310
942
953
1330
1150
1330
1100
945
968
1070
1080
1300
1360
1240
1350
1140
922
1110
1280
538
102
89
785
1300
1170
1160
1010
1190
1150
889
781
834
1760
1320
1500
704
1150
1590
903
932
983
119
117
961
1630
1650
1260
35
105
91
125
106
717
867
969
727
839
895
1060
859
1280
1050
1130
1110
740
112
113
1480
1680
1710
1420
1640
1760
1610
1630
1530
1560
1600
1560
1690
1570
1500
1510
1490
1560
1570
1530
1490
1380
1360
1260
1390
1360
1370
1370
77
101
695
851
1070
1110
958
803
690
1160
1490
890
1250
1030
528
177
401
487
42
35
85
206
534
1070
1010
1220
1090
1220
1220
1180
928
1120
1120
1120
1290
1190
1130
993
912
1110
1540
1540
1650
1520
1680
1730
1770
1780
1780
1600
1730
1830
1620
111
115
1570
1500
1700
1870
1790
1640
1570
1710
1540
1710
1790
1800
1790
1730
1680
1710
1560
1670
1760
1750
1440
1520
1640
1440
1770
1610
1210
1810
1840
1140
1140
1020
1070
990
1110
1120
1050
1380
1250
1370
1210
1290
940
904
604
27
121
105
97
9
58
111
288
343
501
604
666
271
0
0
0
114
109
130
159
219
492
501
562
600
604
637
650
607
654
564
631
674
686
677
853
850
575
477
1
0
0
110
108
480
559
626
562
684
719
642
632
622
666
614
829
1010
1030
804
840
761
766
787
1200
1110
843
843
964
1130
1290
958
1110
928
850
1210
1040
1540
918
1300
755
119
0
0
0
115
416
503
588
619
635
882
1010
1160
1430
1270
1410
1430
1270
1250
1040
901
1200
884
695
60
1
3
115
95
120
359
450
570
759
691
694
862
893
624
1010
1080
854
1080
1200
1060
951
544
1
0
0
2
124
123
10
80
44
3
21
31
15
45
451
443
546
466
568
488
344
300
9
4
0
0
449
758
737
783
413
372
68
228
535
432
14
17
14
140
106
108
514
596
315
316
143
2
9
6
3
48
1
0
0
0
6
109
96
281
421
504
623
622
665
662
769
701
829
771
841
885
896
832
817
882
800
842
894
904
807
888
818
939
795
851
807
821
827
802
751
697
704
855
721
817
873
874
911
843
784
738
869
729
725
705
691
796
742
683
902
745
852
842
893
975
736
863
895
837
855
893
1150
920
829
960
1060
961
951
1060
978
914
868
817
1050
1130
1190
1110
1200
1340
1010
1010
1130
1380
1310
1150
1290
1190
1280
1110
1240
1080
990
990
1320
1260
1120
836
0
90
100
124
96
109
125
124
124
82
121
125
124
124
104
116
121
91
108
108
125
111
79
105
91
78
116
104
109
122
98
103
113
105
106
114
107
115
100
115
90
90
120
107
120
106
112
121
95
123
116
101
123
106
103
111
117
121
117
111
117
123
106
118
118
