94
108
120
107
91
92
111
121
124
91
125
125
120
107
96
114
125
118
92
109
106
120
106
94
95
104
99
89
118
108
100
95
91
94
121
96
86
122
25
54
67
96
118
134
162
194
277
393
341
334
121
420
562
570
551
157
179
442
182
12
35
65
149
8
159
246
278
250
280
239
97
274
120
283
194
255
304
88
228
285
167
91
186
195
73
33
140
158
21
141
208
232
249
514
421
101
453
321
507
546
361
489
658
588
660
735
639
82
374
629
655
573
139
272
623
784
783
741
838
238
0
226
744
790
394
99
179
367
244
151
148
136
66
22
6
66
88
173
124
41
51
13
27
42
33
0
107
107
140
153
289
325
339
425
337
112
280
195
292
117
0
0
0
0
119
112
311
297
362
384
337
447
283
414
524
319
633
709
757
695
734
681
645
729
1480
1060
1500
849
1480
736
628
1400
1300
1360
942
1280
1340
1440
1350
1660
1520
1050
835
231
251
152
1210
1540
1150
1290
908
961
910
653
695
167
518
4
58
362
366
242
82
116
183
448
635
812
836
872
918
1120
1320
1420
1270
1230
1520
846
618
299
34
11
22
8
29
131
287
16
1
37
44
124
85
24
18
1
0
0
0
0
118
101
101
407
603
673
783
820
863
913
298
1040
1240
1210
1250
1280
1310
1310
874
865
1200
1240
1260
1280
1200
1230
1190
1250
1120
1180
1140
1120
1120
1120
1140
1050
778
340
2
0
0
0
10
106
112
418
8
6
3
7
0
34
125
100
689
94
96
303
750
647
802
749
314
488
115
91
634
623
114
110
664
539
89
92
123
368
673
189
3
3
0
102
124
107
222
532
633
691
679
606
678
595
704
777
930
781
673
1080
1140
915
1140
1370
1200
1030
1170
883
4
0
0
2
89
121
96
23
3
0
136
571
665
520
598
593
458
494
477
239
356
456
162
331
817
757
740
820
755
717
551
706
730
599
499
478
74
11
1
30
41
40
91
123
187
270
452
454
563
590
471
529
312
482
130
180
29
0
89
116
121
138
188
157
53
125
47
69
43
74
73
101
83
91
78
62
85
82
75
59
105
99
210
264
276
290
318
313
373
428
482
532
596
687
744
1010
1080
1170
1510
1670
1090
1450
1450
1570
1580
1510
1450
1240
1040
950
895
965
800
907
1080
975
1290
1050
882
1010
929
844
86
118
121
125
109
117
122
103
92
98
258
695
549
764
428
0
0
90
108
97
112
112
118
101
88
111
118
88
124
114
112
124
125
98
105
103
98
105
113
110
125
85
123
98
116
119
115
101
109
80
112
113
125
108
94
104
106
120
80
107
107
91
84
99
97
108
96
102
82
122
118
106
103
95
124
95
108
91
97
123
90
114
82
94
121
114
93
96
122
114
85
100
102
88
114
99
80
91
117
123
113
111
100
111
102
89
110
106
119
108
120
118
110
100
101
88
103
123
100
109
121
119
119
103
95
105
125
125
112
111
125
111
120
124
114
118
359
546
493
563
537
542
580
503
627
636
668
749
766
750
815
893
908
875
924
922
874
957
930
1150
1100
1040
1170
1000
870
843
938
773
1070
1140
786
830
773
641
337
43
14
4
23
72
11
14
11
14
88
118
303
539
633
717
844
851
1040
827
1000
1010
899
956
965
871
921
893
882
863
810
904
550
693
528
501
666
733
631
576
640
656
663
680
636
711
708
577
749
591
739
784
751
767
615
571
476
651
142
0
0
0
0
0
101
101
121
90
120
118
108
97
90
121
124
117
112
124
100
91
106
118
101
111
102
110
121
116
99
98
103
101
123
121
101
94
115
91
89
98
99
110
104
124
82
98
123
107
118
124
116
124
105
84
119
98
99
100
76
120
109
125
123
86
110
107
78
118
111
81
108
83
89
124
101
93
109
