280
294
307
394
320
345
427
424
393
441
383
380
464
377
390
380
535
557
369
577
359
542
508
615
638
533
593
458
310
560
477
469
283
194
120
85
98
343
412
357
324
427
380
357
446
369
315
343
357
335
312
503
151
94
267
337
433
627
560
639
567
306
449
514
501
509
631
585
568
576
556
602
591
632
639
625
481
223
404
420
103
101
103
108
107
104
124
115
98
125
123
102
122
111
119
124
115
112
125
120
125
118
102
110
107
108
125
112
94
118
119
124
171
70
69
197
346
383
312
278
361
399
397
338
190
239
355
429
413
360
330
377
458
500
481
422
418
668
537
402
339
124
111
123
121
105
122
99
118
105
121
89
102
111
80
120
113
114
118
106
120
120
89
119
101
75
123
102
115
108
106
120
149
66
66
95
34
67
25
5
4
5
15
14
13
9
38
3
9
13
13
17
17
15
13
16
0
0
8
0
5
19
5
4
5
2
7
8
11
8
27
22
12
14
17
21
36
6
14
40
1
88
109
69
133
197
285
307
302
332
350
278
359
362
336
336
395
339
323
312
361
530
350
465
98
74
351
349
198
4
24
15
297
390
242
302
331
381
342
57
157
62
31
134
15
49
15
34
31
125
95
230
293
280
307
313
305
322
304
320
340
339
344
417
364
401
442
384
441
423
408
471
625
452
310
486
644
626
562
359
11
0
0
0
0
81
103
113
287
355
363
371
226
4
0
88
83
0
34
354
457
490
543
433
412
607
459
372
331
416
132
212
197
11
0
0
1
4
3
117
109
244
313
342
337
333
354
360
339
345
429
364
397
372
380
326
341
319
334
618
601
556
663
692
683
450
338
355
457
645
621
654
676
710
667
666
650
665
674
731
737
640
544
370
492
411
620
641
694
505
659
681
700
754
702
665
707
798
727
679
682
667
668
647
405
328
398
389
349
417
346
379
656
443
416
636
608
286
86
357
71
19
4
2
95
114
122
120
118
61
157
194
251
275
302
316
367
411
353
401
398
319
312
320
427
617
635
520
503
336
339
619
619
581
646
671
688
338
553
605
638
652
675
695
664
507
472
499
561
644
681
661
609
621
548
672
637
610
652
599
618
641
471
556
698
652
683
666
679
687
653
672
670
683
684
701
707
702
591
444
484
652
673
671
580
679
439
99
121
118
104
113
93
106
115
113
104
104
115
116
123
125
107
120
118
108
117
106
116
112
117
85
120
108
122
104
112
125
100
117
78
112
117
98
111
125
81
119
92
104
104
119
117
109
109
116
105
114
116
109
81
95
106
107
112
101
101
89
111
100
101
124
83
102
117
115
98
116
113
118
112
117
123
123
89
124
124
101
125
99
96
117
116
119
89
89
112
111
116
101
118
119
122
106
113
108
124
123
85
100
108
117
119
82
137
232
154
229
326
339
205
225
348
418
474
519
497
545
533
529
480
576
546
586
577
591
529
433
407
551
641
595
546
549
597
596
893
657
664
614
552
562
862
1080
725
387
457
508
47
7
0
0
77
105
94
96
88
95
117
90
113
120
124
113
125
124
91
112
105
107
117
0
0
0
0
0
120
116
125
123
122
109
108
101
111
108
121
96
91
121
150
245
201
299
309
365
382
341
362
421
429
459
257
0
0
112
117
92
105
105
115
103
124
95
113
123
117
122
115
122
95
107
107
124
117
97
114
118
103
96
102
124
124
119
102
98
103
108
90
97
116
111
99
118
106
112
116
114
112
117
116
95
79
97
82
120
122
113
115
109
108
125
120
106
117
120
94
109
125
105
92
87
137
