562
296
118
112
111
124
93
218
331
386
369
226
298
242
440
484
534
710
778
801
792
848
802
938
867
800
816
808
729
742
826
912
914
986
927
1040
809
692
0
4
110
87
116
106
107
120
101
114
82
95
95
87
118
82
115
119
119
109
108
125
96
116
103
101
108
84
97
102
105
95
71
82
101
22
101
83
114
114
107
88
12
104
87
118
106
85
124
79
104
124
174
200
313
378
471
494
615
632
508
557
588
682
1070
1030
1160
1490
1580
1290
746
780
855
1250
850
737
726
725
338
145
17
1
19
36
3
6
124
97
112
285
290
383
341
403
453
440
512
579
576
567
714
740
926
880
824
877
746
856
815
823
1040
1010
1440
1750
1630
1370
1080
585
20
0
6
61
102
115
107
110
121
117
120
107
62
310
571
558
530
520
521
573
181
279
606
930
837
807
985
947
1170
1040
940
985
1120
1110
1030
920
1150
1170
1080
1070
1120
1120
1060
1070
988
947
1120
1140
1250
1030
960
1260
1080
891
925
969
1030
1170
1040
1060
1070
847
1090
921
870
349
117
109
968
882
988
1160
1080
1060
791
1060
901
1050
862
774
917
965
1230
1030
965
858
845
1040
924
1020
1050
1160
995
1170
1170
1100
1050
1010
1040
1080
967
915
1070
1190
1110
964
937
920
1200
1010
1010
1020
1020
973
1040
1150
1050
1130
1030
1120
1240
1080
1100
1070
922
960
861
775
830
408
106
117
112
93
638
587
631
646
681
742
321
0
480
820
867
735
712
802
67
100
91
120
314
656
627
670
708
637
637
195
681
745
854
1110
935
987
771
830
921
948
974
974
810
934
935
984
844
1040
965
1030
870
914
931
918
785
908
992
1030
956
1030
921
950
848
916
956
1010
799
992
931
878
873
887
906
677
664
474
247
636
440
590
496
141
70
249
88
62
37
115
113
116
111
103
118
119
692
704
654
843
303
404
604
353
207
322
193
47
161
128
62
99
43
36
125
96
118
157
152
219
232
257
323
475
422
565
406
115
118
586
695
780
794
636
664
718
799
751
817
826
916
871
960
980
972
977
933
957
953
882
419
31
4
28
98
52
13
5
104
104
117
94
88
120
118
112
123
95
117
113
121
122
117
125
124
115
120
122
95
90
115
114
111
109
112
119
118
116
111
111
87
120
119
113
119
101
20
24
25
36
46
50
75
112
115
91
142
171
191
182
183
214
218
36
33
24
100
111
175
235
208
197
259
227
607
292
376
383
370
491
647
641
805
942
992
1110
1020
1510
1430
1240
1350
1180
1350
1390
1330
1440
1390
1460
1280
1220
1220
1010
928
1170
915
941
822
594
13
16
0
0
84
109
522
1050
1080
1140
1170
1150
1230
1220
1250
1300
1380
1360
1300
1250
1410
1340
1260
945
1070
1030
18
1
0
112
122
648
1180
911
1040
914
991
967
896
981
1070
1030
932
872
1040
1010
1040
1030
1020
320
182
164
99
701
937
805
1000
899
945
926
940
677
982
995
946
967
939
925
1080
969
880
957
956
882
811
329
100
114
109
112
431
857
754
695
204
22
1
654
763
763
319
101
122
86
374
591
285
13
108
120
124
299
354
419
380
422
397
483
487
528
510
480
627
534
532
578
590
631
803
748
846
757
858
844
769
818
971
867
793
993
906
1080
1040
745
945
908
561
576
747
1150
1040
804
854
838
750
771
733
1030
895
885
780
712
850
763
827
841
790
789
1100
941
1230
287
28
123
84
116
507
581
497
307
116
92
134
177
257
353
360
415
375
364
465
423
426
499
535
559
464
548
570
598
613
610
618
763
606
568
566
677
635
742
601
634
570
497
617
517
483
562
532
672
487
590
682
621
630
521
558
528
464
493
524
499
512
292
118
125
93
122
82
120
120
115
80
108
156
192
208
233
224
276
304
348
426
487
526
603
656
670
780
732
