164
284
306
202
251
34
114
117
446
534
568
561
634
718
828
774
810
628
859
679
837
732
836
688
1060
1190
1180
888
963
492
461
768
771
409
108
319
623
682
733
912
699
788
617
164
115
117
676
815
904
871
1080
845
954
908
828
890
1110
819
1230
854
34
12
1
21
17
96
125
487
500
639
595
710
829
607
328
559
172
84
60
32
31
39
118
124
224
240
271
447
477
513
556
577
606
764
932
534
85
120
682
836
1130
1260
995
875
669
1220
1100
784
985
162
98
4
0
80
115
331
798
793
831
634
828
781
97
21
56
81
141
72
154
86
40
72
38
153
326
60
20
35
50
120
121
272
548
655
678
699
832
306
124
99
905
855
955
943
936
954
1050
937
1200
1340
519
22
7
13
41
3
59
10
94
135
282
398
423
430
384
351
400
547
428
572
613
630
448
48
24
35
43
73
83
74
671
604
672
802
834
797
478
578
799
909
676
762
723
686
940
845
742
626
564
616
679
608
715
794
743
854
873
901
901
784
827
815
311
123
520
874
1130
912
917
1050
1210
1170
696
945
1160
910
1110
922
923
933
980
864
838
801
725
727
31
12
45
157
94
110
120
382
750
833
828
787
858
850
892
904
897
861
986
873
777
725
908
793
880
1030
869
1100
783
779
999
1070
1010
966
717
749
765
872
802
830
929
808
661
90
117
77
124
503
771
961
808
852
1050
892
954
1030
1010
1090
1080
1190
875
855
1090
1020
1030
991
916
888
855
1060
1250
1160
1380
1240
1300
1710
1730
1420
1430
1050
958
1140
1010
1000
996
1230
1570
1270
1300
1390
1260
1400
1270
1080
985
1190
1210
1010
1190
967
1120
1190
1220
1210
955
1030
1270
1070
1200
1020
821
795
1300
1270
867
1020
954
818
605
743
843
875
875
712
648
751
725
714
682
660
629
188
53
8
219
588
350
269
358
379
27
3
43
152
75
100
98
95
243
246
293
312
385
448
393
240
675
882
812
1080
776
96
124
865
1180
1250
1310
1470
1650
1630
1650
1750
1350
1450
1340
1370
1610
1670
1510
1360
1700
1390
1440
1360
1290
1310
1210
1160
1360
1080
1140
1240
1380
1280
1290
1330
1110
1210
1060
427
80
110
84
120
107
84
90
109
359
587
775
806
698
700
858
109
837
818
821
784
709
820
825
572
2
8
0
103
120
112
41
104
85
423
461
522
510
623
660
567
620
782
816
1090
949
936
1020
1110
1200
1200
1030
648
5
8
84
80
899
949
920
1030
1010
1100
1120
1300
1030
1120
1110
1170
1220
1160
1140
1230
1140
1180
1100
1080
1050
988
1140
1040
1100
1470
1420
1710
1680
1210
1390
1190
862
190
37
5
106
107
1050
1430
1490
1600
1670
1630
1540
1580
1560
1650
1510
1520
1560
1600
1570
1370
1280
835
1070
48
266
42
84
118
212
778
1200
1100
1180
1150
1280
1500
1080
1430
1380
1340
1350
1650
1440
1660
1650
1450
623
30
89
106
281
1410
1330
1540
1260
1590
1670
1360
1430
1400
1540
1370
1460
1340
1500
1580
1270
1370
1420
1390
1110
1180
1430
1230
801
938
1070
1020
1080
1400
1290
887
834
1020
871
808
974
894
683
769
892
1150
935
744
637
935
939
912
399
108
118
308
111
122
124
506
194
160
0
88
114
261
459
448
441
539
574
507
696
637
457
671
612
588
705
739
684
658
835
831
750
856
758
880
880
796
812
903
911
946
1080
837
741
688
725
780
596
600
712
728
641
556
725
640
633
657
614
655
799
530
606
721
641
499
729
762
771
714
577
681
471
553
574
676
519
586
492
500
595
570
585
499
625
508
520
554
613
606
627
646
730
570
581
604
623
523
585
631
585
575
421
458
426
392
385
478
375
439
448
426
506
343
480
433
590
505
596
764
789
265
0
0
0
114
112
96
110
97
112
125
113
103
120
114
94
105
113
116
116
89
100
92
121
123
104
84
123
114
111
89
100
118
123
118
86
98
95
104
115
120
99
102
115
104
