11
5
6
6
4
5
4
5
8
8
9
8
9
113
118
112
111
111
120
97
99
118
115
96
99
124
114
116
89
122
123
117
124
109
98
110
122
121
116
117
117
106
113
82
125
106
116
124
123
117
11
12
12
13
15
16
21
20
30
48
38
34
43
44
28
34
35
36
36
43
32
39
39
37
40
44
47
50
45
44
39
37
46
57
62
63
64
48
51
64
64
66
78
86
83
93
111
107
141
139
177
148
207
196
206
242
250
228
237
255
273
337
356
405
454
495
485
479
496
540
548
577
85
571
655
620
668
122
110
863
835
542
736
577
569
659
766
665
676
655
803
677
562
791
725
738
729
900
724
911
769
1190
937
816
841
1060
963
915
1240
1170
578
8
9
0
351
623
1070
1130
923
962
1220
1020
1270
1190
1340
1130
1410
1190
1230
1110
1530
1140
1280
1010
954
979
729
750
281
0
46
368
683
547
150
18
391
526
656
555
707
718
699
630
763
587
406
587
531
482
354
2
2
2
359
430
468
598
559
744
725
630
667
539
889
679
916
715
755
632
852
1040
1090
916
1120
998
809
832
752
578
667
730
667
91
735
549
536
667
490
641
544
490
510
614
539
561
524
623
544
423
487
609
465
314
0
0
0
0
3
21
14
6
7
31
10
43
116
99
175
195
198
240
238
234
314
322
271
464
300
190
223
291
122
114
250
293
325
241
312
316
359
372
279
355
343
368
409
403
437
406
377
515
445
422
542
470
469
547
659
548
457
444
489
389
402
598
454
499
524
501
516
478
493
484
510
474
661
655
458
473
523
550
485
612
637
600
107
94
721
731
748
821
112
903
929
902
911
805
623
652
721
744
669
915
836
736
813
762
718
704
698
636
616
672
476
498
578
467
78
1
5
21
289
235
271
45
53
15
0
0
25
103
142
146
171
220
273
399
335
321
393
30
16
22
2
18
27
68
34
2
8
9
19
41
2
17
17
29
150
87
107
122
130
155
122
150
217
272
302
301
362
352
420
432
492
458
528
560
581
632
564
757
715
689
825
785
714
628
804
753
858
919
912
869
782
662
579
596
692
543
119
95
373
373
195
201
5
10
1
0
125
89
4
3
9
12
2
11
5
5
10
5
104
125
3
9
10
7
6
7
3
6
6
117
86
89
89
92
6
5
2
7
8
7
6
7
6
14
11
6
5
7
9
11
8
6
11
13
12
14
14
15
17
22
32
40
43
26
54
53
31
65
52
48
51
47
53
51
48
50
52
62
39
53
41
25
111
103
122
125
96
113
110
93
97
124
114
115
75
123
93
113
122
111
119
107
115
93
84
118
103
120
121
102
101
114
85
119
88
117
78
104
125
108
85
98
107
103
118
110
96
103
109
124
125
114
113
104
125
106
114
124
101
118
107
86
103
108
122
117
88
117
105
93
81
124
117
124
122
120
124
97
98
120
125
93
100
103
100
114
118
85
116
85
115
119
104
107
96
114
115
99
125
111
122
90
103
121
114
113
112
118
119
109
98
96
122
121
119
117
87
111
117
86
7
8
8
8
4
8
6
5
3
4
7
6
4
7
5
7
5
5
7
6
6
5
7
7
5
5
7
3
4
3
6
3
3
4
3
2
3
3
3
3
3
4
2
3
117
75
3
1
3
3
3
2
98
103
3
4
3
3
4
3
2
99
123
91
84
107
94
97
102
107
107
120
107
100
119
124
104
124
106
125
107
98
110
125
105
97
101
117
119
114
91
100
79
109
97
114
84
113
97
92
113
114
105
118
95
120
99
98
90
105
124
105
85
123
106
77
96
115
107
99
91
117
122
109
99
85
98
109
109
118
123
125
110
112
97
